ID	Sex	Ci
1	2	5
2	2	8
3	2	7
4	2	5
5	2	2
6	2	5
7	2	5
8	2	5
9	2	5
10	2	3
11	2	3
12	2	11
13	2	9
14	2	9
15	2	9
16	2	9
17	2	10
18	2	10
19	2	10
20	2	10
21	2	10
22	2	11
23	2	8
24	2	8
25	2	10
26	2	10
27	2	4
28	2	4
29	2	9
30	2	9
31	2	11
32	2	10
33	2	13
34	2	12
35	2	14
36	2	13
37	2	16
38	1	9
39	1	8
40	1	7
41	1	9
42	1	8
43	1	10
44	1	7
45	1	10
46	1	10
47	1	11
48	1	10
49	1	12
50	1	13
51	1	13
52	1	12
53	1	14
54	1	15
55	1	15
56	1	15
57	1	15
58	1	15
59	1	16
60	1	16
61	1	1
62	2	1
63	1	1
64	2	1
65	1	1
66	1	2
67	2	1
68	1	1
69	2	1
70	2	1
71	1	1
72	2	1
73	2	1
74	2	1
75	2	1
76	1	1
77	2	2
78	1	6
79	1	1
80	2	1
81	2	3
82	2	1
83	2	1
84	1	1
85	1	1
86	1	2
87	1	5
88	1	3
89	1	1
90	1	3
91	2	1
92	2	3
93	1	1
94	2	3
95	1	4
96	2	1
97	1	1
98	1	3
99	2	3
100	1	3
101	1	2
102	1	3
103	1	3
104	1	3
105	1	3
106	1	6
107	1	3
108	1	2
109	1	2
110	1	2
111	1	2
112	1	1
113	2	3
114	1	1
115	1	5
116	1	3
117	1	3
118	1	2
119	1	3
120	1	1
121	1	2
122	1	1
123	2	4
124	1	1
125	1	3
126	1	2
127	1	1
128	1	1
129	1	4
130	1	1
131	1	5
132	1	4
133	2	1
134	1	5
135	2	1
136	1	3
137	1	2
138	2	4
139	1	3
140	2	2
141	1	1
142	2	2
143	1	1
144	1	3
145	1	4
146	2	4
147	2	1
148	2	2
149	2	3
150	1	4
151	2	3
152	2	1
153	2	1
154	1	4
155	2	3
156	1	1
157	1	2
158	1	4
159	1	2
160	1	3
161	2	1
162	1	4
163	1	2
164	1	2
165	2	4
166	1	3
167	1	3
168	1	3
169	1	2
170	1	8
171	2	1
172	1	3
173	1	2
174	1	3
175	2	3
176	1	2
177	2	2
178	1	1
179	1	4
180	1	4
181	2	1
182	1	5
183	1	4
184	2	1
185	1	1
186	2	1
187	1	3
188	1	2
189	1	2
190	1	2
191	1	4
192	1	3
193	2	2
194	1	1
195	1	1
196	1	5
197	1	5
198	2	3
199	1	3
200	1	2
201	1	3
202	2	1
203	1	2
204	1	4
205	2	4
206	2	2
207	1	1
208	1	3
209	1	3
210	1	5
211	1	1
212	2	2
213	1	1
214	1	2
215	2	3
216	1	2
217	2	1
218	2	3
219	1	5
220	2	1
221	1	1
222	1	4
223	2	2
224	1	1
225	2	2
226	2	3
227	1	4
228	1	1
229	2	2
230	2	2
231	1	1
232	2	3
233	1	3
234	1	8
235	1	2
236	2	1
237	2	1
238	1	1
239	2	1
240	2	1
241	1	1
242	1	1
243	2	1
244	1	1
245	1	1
246	1	1
247	2	1
248	2	1
249	2	2
250	1	1
251	2	1
252	1	1
253	1	1
254	1	3
255	1	1
256	1	1
257	1	1
258	2	1
259	1	1
260	2	1
261	1	2
262	2	1
263	1	1
264	2	1
265	2	1
266	1	2
267	2	1
268	1	1
269	1	1
270	1	1
271	2	3
272	1	1
273	2	1
274	2	1
275	1	1
276	2	1
277	2	1
278	1	1
279	2	1
280	2	1
281	1	1
282	2	1
283	1	1
284	1	1
285	1	1
286	1	1
287	2	1
288	1	2
289	2	1
290	1	1
291	1	1
292	2	3
293	2	1
294	2	1
295	2	1
296	1	1
297	1	1
298	1	1
299	1	2
300	1	1
301	1	1
302	1	1
303	1	1
304	2	1
305	2	2
306	1	2
307	1	2
308	1	3
309	1	2
310	1	2
311	1	3
312	1	1
313	1	4
314	2	4
315	1	2
316	1	1
317	2	1
318	1	1
319	2	2
320	2	4
321	2	3
322	2	1
323	2	1
324	1	2
325	2	1
326	1	1
327	1	1
328	1	1
329	1	1
330	1	2
331	1	2
332	1	1
333	2	1
334	1	1
335	1	1
336	2	2
337	1	1
338	1	1
339	1	1
340	1	2
341	1	1
342	1	2
343	2	1
344	1	1
345	2	1
346	2	1
347	1	1
348	2	2
349	1	1
350	2	1
351	1	2
352	1	1
353	2	1
354	2	1
355	2	1
356	2	1
357	1	2
358	1	2
359	1	2
360	1	2
361	1	1
362	1	1
363	1	3
364	1	2
365	2	2
366	2	2
367	1	2
368	1	2
369	1	2
370	2	3
371	1	3
372	2	2
373	1	4
374	1	2
375	1	3
376	1	2
377	2	3
378	2	2
379	1	3
380	1	3
381	1	3
382	1	3
383	1	3
384	1	3
385	1	4
386	2	2
387	2	3
388	1	2
389	1	4
390	2	4
391	1	3
392	1	4
393	2	4
394	1	4
395	1	4
396	1	4
397	1	4
398	1	3
399	1	4
400	2	4
401	1	4
402	1	4
403	2	3
404	1	6
405	2	4
406	1	5
407	1	4
408	1	4
409	1	4
410	1	4
411	1	3
412	1	4
413	1	4
414	1	4
415	1	5
416	1	4
417	2	5
418	1	4
419	2	4
420	1	5
421	1	4
422	1	4
423	1	4
424	2	4
425	1	4
426	1	4
427	1	4
428	1	4
429	1	4
430	2	4
431	1	4
432	1	4
433	1	4
434	1	4
435	1	5
436	1	5
437	1	5
438	2	4
439	1	5
440	2	4
441	1	5
442	1	5
443	1	5
444	1	4
445	1	3
446	1	5
447	1	5
448	2	3
449	2	6
450	1	6
451	1	3
452	1	4
453	1	5
454	1	6
455	2	5
456	1	6
457	1	5
458	2	5
459	2	5
460	1	4
461	2	5
462	1	7
463	1	6
464	1	6
465	1	5
466	1	5
467	1	5
468	2	5
469	1	7
470	1	7
471	1	6
472	1	8
473	2	7
474	1	6
475	2	5
476	1	7
477	1	5
478	1	6
479	1	6
480	2	7
481	1	7
482	1	6
483	1	6
484	1	7
485	1	7
486	1	7
487	1	6
488	1	6
489	1	6
490	1	6
491	1	6
492	1	6
493	1	6
494	1	6
495	1	7
496	1	6
497	1	6
498	1	7
499	1	6
500	1	8
501	2	6
502	1	6
503	1	7
504	1	6
505	1	7
506	2	7
507	1	7
508	2	5
509	2	6
510	2	5
511	2	6
512	2	7
513	2	4
514	1	4
515	1	2
516	2	4
517	1	1
518	1	4
519	2	4
520	1	3
521	1	2
522	2	1
523	1	2
524	2	3
525	1	4
526	2	2
527	1	4
528	1	4
529	1	3
530	2	4
531	1	4
532	1	3
533	1	3
534	2	3
535	1	8
536	1	4
537	2	1
538	1	4
539	1	4
540	1	7
541	1	3
542	2	4
543	1	3
544	2	5
545	1	2
546	2	4
547	1	5
548	1	7
549	1	8
550	1	4
551	1	4
552	1	1
553	2	1
554	1	1
555	1	4
556	1	4
557	1	4
558	1	4
559	1	6
560	1	4
561	1	7
562	1	8
563	1	9
564	1	6
565	1	5
566	1	8
567	1	5
568	1	8
569	2	6
570	1	2
571	1	8
572	1	8
573	1	4
574	1	8
575	1	9
576	1	7
577	1	7
578	1	6
579	1	5
580	1	5
581	2	9
582	1	8
583	1	6
584	3	1
585	3	1
586	1	1
587	3	1
588	3	1
589	1	2
590	3	1
591	3	1
592	3	1
593	3	1
594	3	1
595	3	1
596	3	1
597	3	1
598	3	1
599	1	3
600	3	1
601	3	1
602	3	1
603	3	1
604	3	1
605	3	1
606	3	1
607	3	1
608	3	1
609	3	1
610	1	2
611	3	1
612	3	1
613	3	1
614	3	1
615	3	1
616	3	1
617	3	1
618	3	1
619	3	1
620	3	1
621	3	1
622	3	1
623	3	1
624	3	1
625	3	1
626	1	3
627	3	1
628	3	1
629	3	1
630	3	1
631	3	1
632	3	1
633	3	1
634	3	1
635	3	1
636	3	1
637	3	1
638	3	1
639	3	1
640	3	1
641	3	1
642	3	1
643	3	1
644	3	1
645	3	1
646	1	1
647	2	1
648	2	1
649	3	1
650	1	6
651	1	8
652	1	6
653	1	8
654	1	6
655	2	5
656	1	8
657	1	7
658	2	6
659	1	7
660	1	8
661	1	8
662	1	8
663	1	6
664	1	7
665	2	8
666	1	8
667	1	6
668	1	7
669	2	8
670	1	7
671	2	6
672	2	7
673	1	7
674	1	6
675	1	6
676	1	7
677	1	7
678	2	7
679	1	7
680	1	8
681	1	8
682	1	8
683	2	5
684	2	7
685	2	8
686	2	6
687	1	7
688	1	8
689	1	7
690	2	6
691	1	7
692	1	8
693	1	6
694	1	8
695	1	7
696	1	7
697	1	7
698	2	7
699	1	8
700	1	7
701	1	7
702	1	8
703	2	7
704	1	7
705	1	8
706	2	7
707	1	8
708	1	8
709	2	7
710	1	7
711	2	7
712	1	7
713	1	8
714	1	6
715	1	6
716	2	8
717	1	8
718	1	7
719	1	7
720	1	8
721	1	8
722	1	6
723	1	7
724	1	8
725	2	7
726	2	7
727	1	8
728	1	7
729	1	8
730	2	8
731	2	7
732	1	7
733	2	8
734	1	7
735	1	7
736	2	7
737	2	6
738	1	8
739	2	7
740	1	8
741	2	6
742	1	7
743	1	7
744	1	7
745	1	7
746	1	7
747	1	7
748	1	8
749	1	8
750	2	8
751	1	8
752	2	7
753	1	6
754	1	8
755	1	9
756	1	7
757	2	7
758	2	7
759	1	8
760	1	7
761	1	6
762	1	8
763	2	7
764	1	7
765	1	8
766	1	8
767	1	9
768	2	7
769	1	7
770	1	8
771	1	7
772	1	7
773	1	8
774	2	6
775	1	7
776	1	8
777	1	7
778	1	9
779	1	8
780	2	7
781	1	9
782	1	8
783	1	8
784	1	7
785	2	7
786	1	7
787	1	8
788	1	8
789	1	7
790	1	7
791	1	8
792	2	8
793	1	8
794	1	7
795	1	8
796	1	8
797	1	8
798	1	8
799	1	8
800	1	8
801	1	9
802	1	8
803	2	8
804	2	8
805	1	8
806	1	8
807	1	8
808	1	8
809	1	8
810	1	8
811	1	8
812	1	7
813	1	8
814	1	7
815	1	8
816	1	9
817	1	8
818	1	8
819	1	8
820	1	8
821	1	9
822	2	9
823	1	8
824	1	9
825	1	8
826	1	9
827	1	8
828	1	9
829	1	8
830	1	11
831	1	9
832	1	9
833	2	8
834	1	8
835	1	8
836	1	8
837	1	10
838	1	11
839	1	10
840	1	9
841	1	9
842	1	9
843	1	8
844	1	8
845	1	10
846	1	8
847	1	9
848	1	9
849	1	9
850	1	10
851	1	10
852	1	9
853	1	9
854	1	10
855	1	8
856	1	9
857	1	10
858	1	9
859	1	9
860	1	9
861	1	10
862	1	10
863	1	9
864	1	11
865	1	12
866	1	10
867	1	10
868	1	10
869	1	10
870	1	9
871	1	6
872	1	9
873	1	9
874	1	10
875	1	9
876	1	12
877	1	9
878	1	10
879	1	9
880	1	10
881	1	10
882	1	9
883	1	9
884	1	9
885	1	11
886	3	1
887	3	1
888	3	1
889	3	1
890	3	1
891	3	1
892	3	1
893	3	1
894	3	1
895	3	1
896	3	1
897	3	1
898	3	1
899	3	1
900	1	9
901	1	9
902	1	10
903	1	9
904	1	9
905	1	10
906	1	10
907	1	10
908	1	9
909	1	10
910	1	10
911	1	10
912	1	9
913	1	9
914	1	9
915	1	10
916	1	10
917	1	9
918	1	9
919	1	9
920	1	9
921	1	7
922	1	10
923	1	9
924	1	9
925	2	9
926	1	9
927	1	10
928	1	9
929	1	9
930	1	7
931	1	10
932	1	12
933	1	9
934	1	10
935	1	10
936	1	10
937	1	10
938	1	10
939	1	10
940	1	10
941	1	10
942	1	10
943	1	9
944	1	10
945	1	10
946	1	9
947	2	10
948	1	10
949	1	10
950	1	11
951	1	9
952	1	10
953	2	10
954	2	5
955	1	10
956	1	10
957	1	10
958	3	1
959	1	10
960	1	8
961	1	10
962	2	7
963	2	10
964	1	10
965	1	10
966	1	9
967	1	10
968	1	10
969	1	11
970	1	9
971	1	10
972	1	10
973	2	6
974	1	10
975	1	10
976	1	11
977	1	10
978	1	9
979	1	10
980	1	11
981	1	5
982	2	11
983	1	9
984	1	9
985	1	10
986	1	9
987	1	10
988	1	10
989	1	10
990	1	11
991	1	7
992	1	11
993	1	11
994	1	10
995	1	10
996	2	10
997	1	10
998	1	10
999	1	10
1000	1	11
1001	1	9
1002	1	10
1003	1	7
1004	1	10
1005	1	11
1006	2	10
1007	1	10
1008	1	11
1009	1	11
1010	1	11
1011	1	10
1012	1	11
1013	1	11
1014	1	10
1015	1	11
1016	1	10
1017	1	10
1018	1	11
1019	2	1
1020	2	1
1021	2	1
1022	1	1
1023	1	1
1024	1	1
1025	1	10
1026	1	11
1027	1	11
1028	1	11
1029	1	11
1030	1	9
1031	2	1
1032	1	2
1033	1	1
1034	1	11
1035	1	13
1036	2	9
1037	1	10
1038	1	11
1039	1	9
1040	1	1
1041	1	13
1042	1	6
1043	1	8
1044	1	10
1045	2	1
1046	2	9
1047	1	9
1048	1	9
1049	2	6
1050	1	11
1051	1	11
1052	2	1
1053	2	12
1054	2	7
1055	1	1
1056	1	12
1057	1	6
1058	1	10
1059	2	10
1060	2	2
1061	2	11
1062	1	10
1063	1	6
1064	1	13
1065	1	1
1066	1	7
1067	1	1
1068	2	1
1069	2	1
1070	1	12
1071	1	11
1072	1	12
1073	1	11
1074	2	6
1075	1	7
1076	1	10
1077	1	13
1078	2	11
1079	1	10
1080	1	11
1081	1	2
1082	1	9
1083	1	13
1084	1	11
1085	1	11
1086	1	2
1087	2	10
1088	1	10
1089	2	9
1090	1	9
1091	2	9
1092	1	9
1093	1	12
1094	1	11
1095	2	10
1096	2	10
1097	1	10
1098	1	12
1099	1	11
1100	1	11
1101	1	11
1102	1	11
1103	1	11
1104	1	7
1105	1	11
1106	2	11
1107	1	2
1108	1	11
1109	1	11
1110	1	11
1111	1	2
1112	1	2
1113	3	1
1114	3	1
1115	1	12
1116	3	1
1117	3	1
1118	3	1
1119	1	11
1120	1	11
1121	1	11
1122	2	9
1123	2	11
1124	1	11
1125	2	2
1126	1	13
1127	1	11
1128	1	13
1129	1	8
1130	1	13
1131	1	13
1132	1	12
1133	1	12
1134	1	13
1135	1	12
1136	3	1
1137	1	13
1138	1	14
1139	1	14
1140	1	14
1141	1	15
1142	1	14
1143	1	14
1144	1	14
1145	1	15
1146	2	14
1147	2	14
1148	1	15
1149	1	14
1150	1	14
1151	2	14
1152	1	15
1153	1	14
1154	1	14
1155	1	15
1156	1	14
1157	1	15
1158	1	15
1159	1	14
1160	1	14
1161	1	15
1162	2	15
1163	1	14
1164	1	15
1165	1	15
1166	1	14
1167	2	14
1168	1	14
1169	1	15
1170	1	15
1171	1	14
1172	1	15
1173	1	15
1174	1	15
1175	1	14
1176	1	14
1177	1	15
1178	2	15
1179	2	14
1180	1	14
1181	1	14
1182	1	15
1183	1	15
1184	1	15
1185	1	15
1186	2	14
1187	1	14
1188	1	14
1189	1	14
1190	1	15
1191	2	14
1192	2	15
1193	2	15
1194	1	14
1195	1	14
1196	1	15
1197	1	14
1198	1	15
1199	1	15
1200	2	14
1201	1	14
1202	1	14
1203	1	14
1204	1	15
1205	1	14
1206	1	14
1207	1	14
1208	1	14
1209	1	14
1210	1	14
1211	1	14
1212	1	15
1213	1	14
1214	1	14
1215	1	14
1216	1	15
1217	1	14
1218	1	15
1219	1	14
1220	1	15
1221	1	14
1222	1	14
1223	2	14
1224	1	14
1225	2	14
1226	1	14
1227	1	14
1228	1	14
1229	2	14
1230	1	15
1231	2	14
1232	1	14
1233	1	15
1234	1	14
1235	1	15
1236	2	14
1237	1	15
1238	1	14
1239	2	14
1240	1	14
1241	1	14
1242	1	15
1243	1	15
1244	1	15
1245	1	14
1246	1	14
1247	1	14
1248	2	2
1249	2	2
1250	2	2
1251	2	2
1252	1	7
1253	2	2
1254	1	2
1255	1	3
1256	1	2
1257	1	3
1258	2	2
1259	1	2
1260	1	4
1261	2	2
1262	1	2
1263	1	2
1264	1	4
1265	1	4
1266	1	4
1267	2	3
1268	1	4
1269	1	3
1270	1	3
1271	2	2
1272	1	2
1273	1	2
1274	1	2
1275	2	2
1276	1	7
1277	1	2
1278	1	2
1279	1	2
1280	2	8
1281	1	4
1282	1	4
1283	1	6
1284	1	3
1285	1	4
1286	1	5
1287	2	3
1288	1	5
1289	1	2
1290	1	4
1291	2	2
1292	2	2
1293	1	2
1294	1	2
1295	1	2
1296	1	2
1297	1	2
1298	2	2
1299	1	2
1300	1	2
1301	1	2
1302	2	2
1303	1	2
1304	2	2
1305	3	3
1306	1	2
1307	1	2
1308	1	2
1309	2	2
1310	1	2
1311	1	2
1312	1	3
1313	1	3
1314	1	3
1315	2	3
1316	1	2
1317	2	2
1318	1	3
1319	3	3
1320	2	2
1321	1	3
1322	3	3
1323	1	2
1324	2	2
1325	1	2
1326	1	2
1327	1	2
1328	3	3
1329	1	2
1330	1	2
1331	1	2
1332	1	4
1333	1	4
1334	2	2
1335	1	3
1336	1	2
1337	2	2
1338	2	2
1339	1	2
1340	1	3
1341	1	4
1342	2	3
1343	2	3
1344	1	2
1345	2	2
1346	2	2
1347	2	2
1348	1	2
1349	2	2
1350	1	2
1351	1	3
1352	1	2
1353	1	3
1354	1	3
1355	1	3
1356	1	3
1357	2	2
1358	1	2
1359	2	2
1360	1	3
1361	1	2
1362	1	4
1363	1	3
1364	1	4
1365	2	3
1366	2	2
1367	1	3
1368	2	3
1369	2	3
1370	1	3
1371	2	3
1372	1	5
1373	1	4
1374	1	5
1375	1	4
1376	2	4
1377	1	4
1378	1	4
1379	1	4
1380	2	4
1381	1	5
1382	2	3
1383	1	3
1384	2	4
1385	1	4
1386	2	3
1387	1	5
1388	1	6
1389	1	4
1390	1	3
1391	3	3
1392	1	5
1393	1	4
1394	2	3
1395	1	4
1396	1	4
1397	1	5
1398	1	3
1399	1	4
1400	1	3
1401	2	4
1402	1	4
1403	1	5
1404	2	4
1405	1	4
1406	2	3
1407	1	5
1408	2	3
1409	2	3
1410	1	5
1411	1	5
1412	2	3
1413	2	4
1414	1	5
1415	1	4
1416	2	4
1417	2	4
1418	1	5
1419	2	5
1420	1	6
1421	1	4
1422	1	5
1423	2	4
1424	1	5
1425	2	4
1426	1	5
1427	2	5
1428	1	5
1429	2	5
1430	2	5
1431	2	6
1432	1	6
1433	1	5
1434	1	5
1435	2	5
1436	1	4
1437	1	5
1438	2	5
1439	1	5
1440	1	5
1441	2	5
1442	1	4
1443	2	5
1444	2	5
1445	1	5
1446	1	5
1447	1	5
1448	1	6
1449	2	5
1450	1	5
1451	1	5
1452	2	5
1453	2	5
1454	1	5
1455	2	4
1456	2	5
1457	2	5
1458	1	5
1459	2	5
1460	2	5
1461	2	5
1462	2	4
1463	1	5
1464	1	5
1465	1	5
1466	1	5
1467	1	5
1468	1	6
1469	2	4
1470	1	6
1471	2	5
1472	1	4
1473	1	6
1474	2	5
1475	1	5
1476	1	5
1477	1	6
1478	2	4
1479	1	6
1480	2	5
1481	1	6
1482	1	7
1483	2	5
1484	1	5
1485	1	7
1486	1	4
1487	1	5
1488	1	5
1489	1	6
1490	1	5
1491	3	6
1492	1	5
1493	1	7
1494	1	6
1495	2	5
1496	1	6
1497	1	6
1498	2	6
1499	1	6
1500	1	6
1501	1	6
1502	1	5
1503	2	7
1504	1	6
1505	2	7
1506	1	7
1507	2	6
1508	2	6
1509	1	6
1510	1	6
1511	2	6
1512	2	7
1513	1	6
1514	1	5
1515	1	6
1516	1	6
1517	2	6
1518	3	6
1519	2	6
1520	1	5
1521	2	6
1522	2	6
1523	1	6
1524	1	6
1525	2	6
1526	1	6
1527	1	7
1528	2	6
1529	2	6
1530	3	6
1531	2	6
1532	1	7
1533	1	6
1534	1	6
1535	1	6
1536	3	6
1537	1	6
1538	2	7
1539	2	5
1540	2	7
1541	2	6
1542	2	6
1543	2	6
1544	2	6
1545	2	6
1546	2	2
1547	2	4
1548	2	3
1549	1	4
1550	1	3
1551	2	4
1552	1	3
1553	1	4
1554	1	3
1555	1	6
1556	1	3
1557	2	3
1558	1	6
1559	1	4
1560	1	3
1561	1	4
1562	1	6
1563	1	5
1564	1	3
1565	1	3
1566	1	4
1567	1	3
1568	1	3
1569	1	5
1570	2	3
1571	2	2
1572	1	2
1573	2	2
1574	2	4
1575	1	4
1576	2	4
1577	1	2
1578	1	4
1579	1	3
1580	1	3
1581	1	4
1582	1	4
1583	1	5
1584	1	2
1585	2	4
1586	1	6
1587	2	3
1588	1	4
1589	2	2
1590	2	2
1591	1	3
1592	3	4
1593	2	2
1594	1	5
1595	1	6
1596	1	2
1597	2	4
1598	3	4
1599	1	2
1600	1	3
1601	3	3
1602	2	3
1603	1	4
1604	1	6
1605	2	4
1606	1	4
1607	1	4
1608	2	2
1609	2	4
1610	1	4
1611	1	2
1612	1	4
1613	1	3
1614	1	4
1615	2	3
1616	1	3
1617	1	4
1618	1	7
1619	3	3
1620	1	4
1621	2	3
1622	1	4
1623	1	2
1624	1	4
1625	2	3
1626	2	2
1627	2	2
1628	1	4
1629	2	2
1630	3	3
1631	1	7
1632	1	5
1633	2	2
1634	2	3
1635	1	3
1636	1	5
1637	1	4
1638	1	4
1639	2	3
1640	1	3
1641	1	5
1642	1	3
1643	1	3
1644	1	6
1645	1	4
1646	1	4
1647	2	2
1648	1	4
1649	2	6
1650	1	3
1651	1	3
1652	1	6
1653	1	6
1654	1	3
1655	1	5
1656	3	3
1657	1	2
1658	2	3
1659	1	4
1660	1	6
1661	1	2
1662	1	4
1663	1	5
1664	1	3
1665	1	5
1666	1	3
1667	1	4
1668	1	2
1669	3	3
1670	1	5
1671	2	4
1672	1	5
1673	2	2
1674	2	4
1675	1	4
1676	1	3
1677	1	5
1678	2	3
1679	2	6
1680	2	3
1681	1	8
1682	1	4
1683	3	3
1684	3	3
1685	2	4
1686	3	3
1687	3	3
1688	1	3
1689	2	3
1690	1	5
1691	3	3
1692	1	4
1693	3	3
1694	3	3
1695	1	3
1696	1	5
1697	1	7
1698	1	5
1699	3	5
1700	1	5
1701	3	3
1702	2	5
1703	2	3
1704	1	4
1705	1	3
1706	2	4
1707	1	9
1708	1	4
1709	2	3
1710	1	3
1711	1	3
1712	1	6
1713	2	5
1714	2	4
1715	1	4
1716	1	5
1717	1	5
1718	1	6
1719	2	3
1720	1	5
1721	1	5
1722	1	5
1723	1	3
1724	1	3
1725	2	3
1726	2	5
1727	2	6
1728	1	5
1729	2	4
1730	1	4
1731	1	3
1732	1	4
1733	2	4
1734	1	4
1735	2	4
1736	1	5
1737	2	5
1738	1	5
1739	3	4
1740	1	5
1741	3	4
1742	3	4
1743	2	3
1744	1	5
1745	1	5
1746	3	3
1747	3	5
1748	3	5
1749	1	8
1750	3	5
1751	2	3
1752	1	8
1753	3	8
1754	1	8
1755	3	3
1756	3	3
1757	1	5
1758	3	5
1759	1	5
1760	3	4
1761	3	4
1762	3	4
1763	1	4
1764	3	3
1765	2	5
1766	1	5
1767	1	4
1768	3	5
1769	1	7
1770	1	3
1771	3	4
1772	3	5
1773	1	5
1774	3	6
1775	1	6
1776	1	4
1777	3	4
1778	1	4
1779	1	4
1780	1	2
1781	3	5
1782	3	3
1783	1	5
1784	3	5
1785	1	5
1786	1	7
1787	1	5
1788	1	5
1789	3	8
1790	2	5
1791	1	6
1792	1	5
1793	2	5
1794	1	9
1795	3	3
1796	1	5
1797	1	8
1798	1	3
1799	1	8
1800	1	6
1801	1	5
1802	2	4
1803	3	6
1804	2	4
1805	2	3
1806	2	5
1807	3	3
1808	2	6
1809	3	6
1810	3	5
1811	1	9
1812	2	2
1813	1	5
1814	2	5
1815	1	8
1816	3	5
1817	1	6
1818	1	5
1819	3	4
1820	1	5
1821	3	7
1822	3	3
1823	1	5
1824	1	3
1825	1	3
1826	3	4
1827	2	5
1828	2	4
1829	1	5
1830	1	4
1831	1	4
1832	1	5
1833	3	5
1834	2	5
1835	1	7
1836	1	6
1837	1	6
1838	2	5
1839	1	5
1840	1	8
1841	1	5
1842	1	6
1843	1	5
1844	1	5
1845	1	7
1846	2	6
1847	1	8
1848	3	5
1849	1	7
1850	1	9
1851	1	5
1852	2	3
1853	1	8
1854	1	7
1855	1	5
1856	1	5
1857	3	5
1858	1	7
1859	3	5
1860	3	6
1861	3	6
1862	3	6
1863	3	6
1864	3	6
1865	3	4
1866	3	4
1867	3	7
1868	3	4
1869	3	5
1870	3	5
1871	3	5
1872	3	5
1873	1	5
1874	3	4
1875	1	6
1876	1	9
1877	2	4
1878	2	6
1879	1	8
1880	1	5
1881	2	5
1882	1	6
1883	3	5
1884	1	4
1885	3	4
1886	3	4
1887	2	5
1888	1	5
1889	3	5
1890	3	5
1891	3	4
1892	3	5
1893	1	5
1894	3	4
1895	1	5
1896	3	5
1897	3	6
1898	3	4
1899	1	7
1900	3	7
1901	3	4
1902	3	7
1903	3	4
1904	3	4
1905	2	5
1906	3	4
1907	3	7
1908	3	4
1909	3	4
1910	3	4
1911	3	4
1912	3	4
1913	3	7
1914	3	5
1915	3	5
1916	3	5
1917	3	6
1918	1	4
1919	3	5
1920	3	4
1921	3	4
1922	3	6
1923	1	5
1924	3	5
1925	3	6
1926	3	6
1927	3	6
1928	3	6
1929	3	6
1930	3	3
1931	3	3
1932	2	3
1933	2	5
1934	1	5
1935	2	4
1936	1	3
1937	3	4
1938	3	5
1939	3	6
1940	2	6
1941	3	4
1942	3	4
1943	1	2
1944	2	6
1945	3	4
1946	3	6
1947	3	4
1948	3	5
1949	1	6
1950	3	6
1951	2	4
1952	2	4
1953	2	4
1954	3	6
1955	3	3
1956	2	5
1957	3	5
1958	3	5
1959	1	7
1960	3	6
1961	1	8
1962	1	8
1963	1	8
1964	1	8
1965	1	8
1966	1	6
1967	1	6
1968	1	6
1969	1	6
1970	1	3
1971	1	7
1972	1	8
1973	1	7
1974	2	6
1975	3	5
1976	3	5
1977	2	8
1978	2	8
1979	3	8
1980	3	8
1981	1	8
1982	1	6
1983	1	6
1984	1	7
1985	3	6
1986	3	6
1987	1	9
1988	1	10
1989	3	7
1990	3	6
1991	3	6
1992	1	6
1993	3	6
1994	3	6
1995	3	6
1996	1	9
1997	3	5
1998	3	4
1999	1	7
2000	1	7
2001	3	6
2002	1	6
2003	3	5
2004	3	7
2005	1	7
2006	1	8
2007	1	6
2008	3	6
2009	2	8
2010	1	6
2011	1	6
2012	3	5
2013	3	5
2014	3	6
2015	2	6
2016	2	6
2017	1	7
2018	2	6
2019	2	6
2020	1	8
2021	1	7
2022	1	6
2023	3	6
2024	2	6
2025	1	7
2026	2	6
2027	3	7
2028	1	7
2029	2	8
2030	1	7
2031	2	6
2032	2	6
2033	2	6
2034	1	5
2035	1	8
2036	1	7
2037	1	8
2038	1	7
2039	2	6
2040	1	6
2041	1	7
2042	1	6
2043	2	6
2044	2	5
2045	1	6
2046	2	5
2047	1	6
2048	2	7
2049	1	6
2050	2	7
2051	1	7
2052	1	6
2053	1	7
2054	1	8
2055	1	6
2056	2	7
2057	3	7
2058	1	8
2059	1	7
2060	1	8
2061	3	8
2062	1	8
2063	2	6
2064	3	7
2065	2	7
2066	1	9
2067	1	8
2068	1	7
2069	2	6
2070	2	7
2071	1	8
2072	1	7
2073	1	7
2074	1	8
2075	1	8
2076	2	7
2077	1	8
2078	2	7
2079	1	8
2080	1	7
2081	1	8
2082	1	7
2083	1	7
2084	1	7
2085	1	7
2086	1	7
2087	1	8
2088	2	7
2089	1	8
2090	1	7
2091	2	7
2092	2	7
2093	1	8
2094	2	7
2095	1	7
2096	1	7
2097	1	8
2098	1	8
2099	1	7
2100	1	7
2101	1	8
2102	1	7
2103	1	7
2104	1	8
2105	1	7
2106	1	7
2107	1	8
2108	1	8
2109	2	8
2110	1	8
2111	1	8
2112	1	8
2113	1	6
2114	2	6
2115	1	8
2116	1	8
2117	1	8
2118	1	9
2119	1	8
2120	1	8
2121	1	7
2122	1	7
2123	1	7
2124	1	8
2125	1	8
2126	1	8
2127	1	6
2128	1	7
2129	2	7
2130	1	8
2131	1	8
2132	1	7
2133	1	7
2134	1	7
2135	1	7
2136	3	7
2137	1	8
2138	1	7
2139	1	9
2140	1	8
2141	1	8
2142	3	7
2143	1	9
2144	2	7
2145	1	7
2146	2	7
2147	1	7
2148	1	7
2149	1	7
2150	2	7
2151	2	7
2152	1	7
2153	2	7
2154	2	7
2155	2	7
2156	1	7
2157	1	7
2158	1	6
2159	2	7
2160	3	7
2161	1	9
2162	2	7
2163	1	8
2164	1	7
2165	1	7
2166	3	7
2167	1	7
2168	2	6
2169	1	7
2170	1	7
2171	1	7
2172	2	8
2173	2	7
2174	1	8
2175	1	8
2176	1	8
2177	1	8
2178	1	7
2179	2	10
2180	1	8
2181	1	8
2182	1	7
2183	1	7
2184	1	9
2185	1	7
2186	1	8
2187	1	9
2188	2	7
2189	1	8
2190	1	8
2191	1	7
2192	1	7
2193	2	7
2194	1	8
2195	1	9
2196	1	9
2197	2	8
2198	1	8
2199	1	9
2200	1	9
2201	3	9
2202	1	9
2203	2	7
2204	1	8
2205	1	8
2206	1	9
2207	1	8
2208	2	8
2209	2	8
2210	3	8
2211	3	8
2212	1	7
2213	1	9
2214	1	8
2215	1	9
2216	1	9
2217	2	8
2218	1	9
2219	1	8
2220	2	7
2221	2	8
2222	1	9
2223	2	8
2224	2	7
2225	1	8
2226	1	8
2227	2	8
2228	1	8
2229	1	8
2230	2	8
2231	1	8
2232	2	8
2233	1	8
2234	2	8
2235	1	8
2236	1	8
2237	1	8
2238	2	8
2239	2	8
2240	1	9
2241	2	8
2242	1	8
2243	1	9
2244	2	8
2245	1	8
2246	1	8
2247	2	8
2248	2	6
2249	1	8
2250	2	8
2251	1	8
2252	1	8
2253	1	7
2254	1	7
2255	1	7
2256	1	9
2257	1	9
2258	1	8
2259	1	7
2260	1	8
2261	1	8
2262	1	8
2263	1	9
2264	1	7
2265	1	9
2266	1	9
2267	1	8
2268	1	8
2269	2	8
2270	1	8
2271	2	8
2272	1	9
2273	1	9
2274	1	8
2275	1	8
2276	1	8
2277	1	8
2278	1	8
2279	2	9
2280	2	8
2281	2	8
2282	1	9
2283	1	9
2284	2	8
2285	2	8
2286	3	7
2287	1	9
2288	2	8
2289	2	9
2290	1	9
2291	1	8
2292	1	9
2293	1	8
2294	2	8
2295	1	8
2296	1	9
2297	1	9
2298	1	9
2299	1	9
2300	1	9
2301	1	8
2302	2	8
2303	1	8
2304	1	8
2305	1	9
2306	2	8
2307	1	9
2308	1	8
2309	1	9
2310	1	8
2311	2	8
2312	1	8
2313	1	8
2314	1	8
2315	2	8
2316	1	8
2317	1	9
2318	1	9
2319	1	9
2320	2	7
2321	1	9
2322	2	7
2323	2	8
2324	1	8
2325	1	8
2326	1	9
2327	1	9
2328	2	8
2329	1	8
2330	1	8
2331	3	9
2332	2	8
2333	1	9
2334	1	9
2335	1	7
2336	1	8
2337	1	9
2338	1	8
2339	1	8
2340	1	9
2341	2	8
2342	1	9
2343	1	9
2344	1	9
2345	1	8
2346	1	8
2347	2	7
2348	1	8
2349	1	8
2350	2	8
2351	1	8
2352	3	9
2353	1	9
2354	1	9
2355	2	8
2356	1	9
2357	1	9
2358	1	8
2359	1	9
2360	1	9
2361	1	8
2362	3	9
2363	1	8
2364	2	8
2365	1	8
2366	1	8
2367	2	7
2368	1	9
2369	1	9
2370	1	8
2371	3	8
2372	3	8
2373	1	12
2374	2	9
2375	3	9
2376	1	9
2377	1	9
2378	3	8
2379	3	8
2380	3	8
2381	3	8
2382	1	9
2383	1	8
2384	2	9
2385	3	9
2386	3	9
2387	3	9
2388	3	9
2389	3	9
2390	3	9
2391	3	9
2392	3	9
2393	3	10
2394	3	10
2395	2	8
2396	1	9
2397	1	9
2398	2	9
2399	1	9
2400	1	9
2401	3	9
2402	3	8
2403	1	9
2404	2	9
2405	1	8
2406	3	9
2407	1	8
2408	3	9
2409	3	9
2410	3	9
2411	2	9
2412	1	9
2413	3	9
2414	2	9
2415	3	9
2416	3	9
2417	1	9
2418	1	9
2419	1	8
2420	2	8
2421	1	9
2422	2	8
2423	1	8
2424	1	9
2425	1	9
2426	1	8
2427	1	9
2428	1	8
2429	1	8
2430	1	8
2431	1	8
2432	1	8
2433	1	9
2434	1	8
2435	1	8
2436	1	9
2437	1	9
2438	1	9
2439	1	9
2440	1	10
2441	1	9
2442	1	9
2443	1	9
2444	2	9
2445	1	9
2446	1	9
2447	3	8
2448	1	9
2449	1	9
2450	2	9
2451	2	8
2452	1	8
2453	1	9
2454	1	8
2455	3	9
2456	2	9
2457	1	9
2458	2	9
2459	1	9
2460	3	9
2461	3	9
2462	1	9
2463	1	9
2464	1	9
2465	2	8
2466	2	8
2467	3	9
2468	1	9
2469	1	9
2470	1	9
2471	1	9
2472	1	9
2473	3	9
2474	1	10
2475	3	10
2476	1	9
2477	1	10
2478	3	9
2479	3	9
2480	1	8
2481	1	9
2482	2	8
2483	3	9
2484	2	8
2485	2	9
2486	1	8
2487	3	9
2488	1	9
2489	1	9
2490	1	9
2491	1	9
2492	3	9
2493	2	9
2494	1	9
2495	1	9
2496	1	9
2497	1	9
2498	2	8
2499	1	9
2500	1	9
2501	2	8
2502	1	9
2503	3	9
2504	3	9
2505	2	9
2506	1	9
2507	3	9
2508	1	9
2509	1	9
2510	1	9
2511	2	9
2512	1	9
2513	1	9
2514	1	9
2515	1	9
2516	2	9
2517	1	10
2518	1	9
2519	1	8
2520	1	9
2521	1	9
2522	1	9
2523	2	8
2524	3	9
2525	2	8
2526	1	9
2527	1	9
2528	1	8
2529	2	9
2530	1	9
2531	1	9
2532	3	10
2533	1	9
2534	1	9
2535	1	8
2536	1	8
2537	1	8
2538	2	9
2539	1	9
2540	1	9
2541	1	8
2542	2	9
2543	1	9
2544	1	9
2545	3	9
2546	3	9
2547	1	9
2548	1	9
2549	3	10
2550	1	9
2551	1	9
2552	2	9
2553	1	9
2554	1	9
2555	3	9
2556	1	8
2557	2	9
2558	3	9
2559	1	8
2560	1	8
2561	1	10
2562	2	9
2563	1	9
2564	1	10
2565	1	9
2566	2	9
2567	2	10
2568	1	9
2569	2	9
2570	1	9
2571	1	9
2572	1	9
2573	3	9
2574	3	9
2575	3	9
2576	3	9
2577	3	9
2578	1	9
2579	3	9
2580	3	9
2581	1	10
2582	2	5
2583	1	8
2584	1	10
2585	1	10
2586	3	3
2587	1	3
2588	3	3
2589	1	9
2590	1	10
2591	2	6
2592	1	10
2593	2	9
2594	1	9
2595	2	9
2596	1	9
2597	3	6
2598	2	4
2599	2	5
2600	1	9
2601	2	9
2602	2	9
2603	1	8
2604	2	4
2605	1	8
2606	2	9
2607	1	9
2608	2	6
2609	3	6
2610	1	9
2611	2	9
2612	1	9
2613	1	9
2614	1	9
2615	1	9
2616	1	10
2617	1	9
2618	1	9
2619	2	9
2620	2	6
2621	2	9
2622	1	9
2623	1	9
2624	1	9
2625	3	6
2626	3	6
2627	3	6
2628	1	6
2629	3	6
2630	3	6
2631	3	5
2632	3	6
2633	3	6
2634	3	6
2635	3	5
2636	1	9
2637	2	9
2638	1	10
2639	3	6
2640	2	8
2641	1	9
2642	1	9
2643	1	10
2644	1	9
2645	1	9
2646	1	5
2647	1	8
2648	1	8
2649	2	8
2650	1	8
2651	1	10
2652	1	10
2653	1	10
2654	1	9
2655	2	9
2656	1	9
2657	3	5
2658	3	5
2659	3	5
2660	3	5
2661	2	5
2662	3	8
2663	1	6
2664	1	9
2665	1	9
2666	1	9
2667	1	6
2668	1	6
2669	1	7
2670	1	6
2671	3	8
2672	1	9
2673	1	10
2674	1	9
2675	1	9
2676	2	8
2677	2	9
2678	3	6
2679	3	5
2680	1	6
2681	1	9
2682	2	9
2683	2	9
2684	3	4
2685	3	4
2686	3	2
2687	1	9
2688	1	9
2689	1	10
2690	3	6
2691	3	6
2692	1	9
2693	1	9
2694	1	10
2695	1	9
2696	2	10
2697	1	6
2698	3	9
2699	3	9
2700	1	9
2701	1	9
2702	2	9
2703	1	9
2704	1	10
2705	2	8
2706	1	9
2707	3	10
2708	1	10
2709	3	9
2710	1	9
2711	3	5
2712	1	8
2713	1	9
2714	1	10
2715	3	10
2716	3	10
2717	1	7
2718	1	10
2719	3	10
2720	3	10
2721	3	10
2722	3	10
2723	3	6
2724	3	6
2725	3	10
2726	3	10
2727	3	10
2728	3	10
2729	1	9
2730	3	6
2731	2	6
2732	2	9
2733	1	9
2734	1	10
2735	1	9
2736	1	9
2737	1	10
2738	1	9
2739	1	8
2740	1	6
2741	2	9
2742	1	9
2743	1	10
2744	2	9
2745	1	9
2746	1	10
2747	1	10
2748	1	9
2749	1	10
2750	1	9
2751	1	9
2752	1	9
2753	1	10
2754	3	9
2755	3	9
2756	2	9
2757	2	9
2758	1	9
2759	1	10
2760	3	6
2761	1	6
2762	1	9
2763	2	9
2764	1	9
2765	1	5
2766	1	6
2767	2	10
2768	1	9
2769	3	5
2770	3	10
2771	1	10
2772	3	10
2773	3	10
2774	3	10
2775	3	10
2776	3	10
2777	2	7
2778	1	9
2779	1	9
2780	3	6
2781	3	3
2782	1	6
2783	3	6
2784	1	9
2785	3	10
2786	3	10
2787	1	9
2788	1	10
2789	2	9
2790	2	9
2791	3	9
2792	1	10
2793	3	10
2794	3	9
2795	3	9
2796	1	9
2797	3	9
2798	3	9
2799	1	4
2800	3	6
2801	2	9
2802	3	10
2803	1	10
2804	3	9
2805	1	11
2806	1	10
2807	3	9
2808	1	9
2809	1	10
2810	3	10
2811	3	9
2812	1	7
2813	1	10
2814	3	7
2815	3	6
2816	1	6
2817	3	6
2818	3	6
2819	1	10
2820	3	10
2821	2	6
2822	3	9
2823	3	6
2824	1	9
2825	3	6
2826	3	4
2827	1	4
2828	2	6
2829	3	10
2830	3	9
2831	1	9
2832	3	10
2833	2	10
2834	3	10
2835	3	10
2836	1	10
2837	2	7
2838	1	9
2839	3	10
2840	1	9
2841	3	8
2842	1	9
2843	3	8
2844	3	9
2845	3	9
2846	1	9
2847	1	8
2848	3	9
2849	3	10
2850	3	10
2851	3	10
2852	2	9
2853	1	9
2854	2	9
2855	2	9
2856	1	9
2857	1	10
2858	2	10
2859	1	10
2860	1	9
2861	2	9
2862	2	9
2863	3	9
2864	1	10
2865	1	7
2866	1	10
2867	2	7
2868	3	9
2869	3	9
2870	1	9
2871	1	9
2872	3	4
2873	2	9
2874	1	10
2875	2	10
2876	3	10
2877	1	7
2878	1	9
2879	3	9
2880	1	10
2881	1	10
2882	3	9
2883	1	6
2884	1	9
2885	3	9
2886	1	9
2887	1	9
2888	1	10
2889	3	10
2890	3	10
2891	3	9
2892	3	9
2893	2	9
2894	3	6
2895	2	10
2896	3	10
2897	3	10
2898	3	10
2899	1	10
2900	3	9
2901	3	7
2902	1	7
2903	3	10
2904	2	9
2905	1	9
2906	1	9
2907	1	8
2908	3	9
2909	1	10
2910	3	10
2911	1	10
2912	3	10
2913	3	10
2914	3	10
2915	3	10
2916	1	10
2917	1	9
2918	2	9
2919	3	10
2920	3	10
2921	3	10
2922	3	10
2923	1	10
2924	1	10
2925	3	4
2926	3	10
2927	3	10
2928	3	11
2929	3	11
2930	3	11
2931	1	9
2932	3	9
2933	3	10
2934	3	10
2935	3	9
2936	3	9
2937	1	9
2938	3	9
2939	1	8
2940	1	10
2941	1	9
2942	2	10
2943	1	9
2944	3	7
2945	2	9
2946	1	9
2947	2	8
2948	3	5
2949	3	5
2950	1	9
2951	1	9
2952	3	10
2953	3	10
2954	3	10
2955	3	10
2956	3	6
2957	2	6
2958	2	6
2959	2	6
2960	3	10
2961	1	10
2962	1	8
2963	2	10
2964	1	10
2965	1	10
2966	1	10
2967	1	10
2968	3	10
2969	3	10
2970	3	10
2971	2	10
2972	1	10
2973	1	10
2974	3	10
2975	1	9
2976	1	10
2977	3	10
2978	3	8
2979	3	10
2980	2	9
2981	1	10
2982	1	9
2983	2	9
2984	3	10
2985	3	10
2986	3	10
2987	3	10
2988	3	10
2989	3	10
2990	3	2
2991	3	10
2992	1	10
2993	2	10
2994	1	10
2995	1	9
2996	3	10
2997	3	10
2998	3	7
2999	1	9
3000	3	10
3001	1	9
3002	3	8
3003	2	10
3004	1	10
3005	1	10
3006	1	10
3007	3	8
3008	1	9
3009	1	11
3010	3	9
3011	3	10
3012	1	10
3013	3	10
3014	1	10
3015	1	10
3016	3	10
3017	3	10
3018	3	10
3019	3	9
3020	3	9
3021	2	9
3022	1	9
3023	3	10
3024	1	12
3025	3	10
3026	2	9
3027	3	9
3028	3	9
3029	3	9
3030	3	10
3031	3	10
3032	3	10
3033	2	10
3034	1	9
3035	3	10
3036	3	9
3037	1	10
3038	3	9
3039	1	10
3040	3	10
3041	3	10
3042	1	10
3043	1	10
3044	3	10
3045	3	10
3046	3	9
3047	3	9
3048	1	10
3049	1	10
3050	2	9
3051	3	10
3052	1	10
3053	1	10
3054	3	9
3055	1	9
3056	3	9
3057	1	10
3058	1	7
3059	3	10
3060	2	10
3061	3	10
3062	3	10
3063	3	10
3064	1	10
3065	3	7
3066	3	10
3067	1	10
3068	3	9
3069	3	9
3070	2	9
3071	1	10
3072	1	9
3073	2	10
3074	3	10
3075	1	10
3076	3	10
3077	3	10
3078	3	9
3079	3	9
3080	3	10
3081	3	10
3082	3	10
3083	3	10
3084	3	9
3085	2	10
3086	3	10
3087	3	10
3088	1	10
3089	3	4
3090	1	10
3091	3	10
3092	3	10
3093	1	10
3094	3	10
3095	1	10
3096	3	9
3097	3	10
3098	1	7
3099	1	8
3100	2	9
3101	1	10
3102	1	9
3103	1	9
3104	3	9
3105	1	9
3106	1	9
3107	1	7
3108	1	7
3109	1	8
3110	3	9
3111	3	9
3112	1	9
3113	3	9
3114	3	11
3115	1	10
3116	3	10
3117	2	8
3118	1	10
3119	3	10
3120	3	10
3121	3	10
3122	1	10
3123	1	10
3124	2	10
3125	1	9
3126	1	11
3127	1	12
3128	3	4
3129	2	10
3130	2	11
3131	3	10
3132	1	8
3133	2	7
3134	2	9
3135	1	11
3136	2	10
3137	1	13
3138	1	9
3139	2	9
3140	1	11
3141	1	10
3142	3	8
3143	1	7
3144	3	9
3145	3	4
3146	3	5
3147	1	10
3148	1	10
3149	1	11
3150	3	10
3151	1	10
3152	3	11
3153	2	9
3154	3	9
3155	1	10
3156	3	10
3157	1	11
3158	2	11
3159	2	10
3160	1	10
3161	2	7
3162	1	9
3163	1	10
3164	1	10
3165	1	11
3166	1	9
3167	1	10
3168	1	5
3169	3	5
3170	2	9
3171	3	9
3172	3	11
3173	1	10
3174	1	11
3175	3	10
3176	3	10
3177	3	10
3178	2	10
3179	3	10
3180	3	10
3181	3	10
3182	1	7
3183	3	10
3184	3	10
3185	1	11
3186	1	10
3187	2	10
3188	3	10
3189	3	10
3190	1	10
3191	1	9
3192	2	7
3193	2	7
3194	2	6
3195	3	6
3196	3	5
3197	3	5
3198	2	4
3199	1	10
3200	3	10
3201	1	11
3202	3	10
3203	1	10
3204	1	10
3205	2	10
3206	3	10
3207	3	10
3208	3	10
3209	1	10
3210	3	10
3211	2	9
3212	2	10
3213	1	11
3214	2	10
3215	3	10
3216	3	10
3217	1	10
3218	3	10
3219	1	10
3220	3	10
3221	3	10
3222	2	5
3223	1	9
3224	1	7
3225	1	9
3226	3	10
3227	3	10
3228	3	10
3229	3	9
3230	3	9
3231	3	9
3232	1	10
3233	1	10
3234	3	10
3235	2	10
3236	3	10
3237	3	10
3238	3	10
3239	2	7
3240	1	9
3241	1	7
3242	2	9
3243	1	7
3244	1	9
3245	1	6
3246	1	10
3247	1	6
3248	3	10
3249	3	10
3250	3	10
3251	1	11
3252	3	10
3253	3	10
3254	1	10
3255	3	10
3256	3	10
3257	3	10
3258	3	10
3259	3	10
3260	2	10
3261	3	10
3262	3	8
3263	1	11
3264	1	11
3265	1	12
3266	2	11
3267	3	10
3268	2	10
3269	1	11
3270	2	10
3271	2	10
3272	3	10
3273	2	5
3274	2	10
3275	2	10
3276	3	10
3277	3	10
3278	3	11
3279	1	11
3280	3	10
3281	1	7
3282	1	11
3283	1	10
3284	3	10
3285	3	10
3286	1	11
3287	3	10
3288	2	10
3289	1	10
3290	1	11
3291	3	7
3292	2	10
3293	1	9
3294	1	9
3295	1	9
3296	1	9
3297	1	10
3298	3	11
3299	3	11
3300	2	10
3301	3	10
3302	1	10
3303	3	11
3304	1	11
3305	1	11
3306	1	10
3307	2	7
3308	1	8
3309	3	10
3310	2	9
3311	1	9
3312	1	10
3313	1	12
3314	1	11
3315	3	10
3316	1	11
3317	1	5
3318	1	9
3319	1	10
3320	3	10
3321	3	10
3322	3	10
3323	1	9
3324	1	10
3325	1	10
3326	3	10
3327	3	10
3328	3	10
3329	1	10
3330	1	10
3331	1	10
3332	1	11
3333	2	10
3334	1	10
3335	3	10
3336	3	10
3337	3	10
3338	3	7
3339	3	10
3340	1	10
3341	3	10
3342	3	11
3343	1	11
3344	3	10
3345	3	10
3346	3	10
3347	1	10
3348	2	11
3349	3	10
3350	2	7
3351	3	10
3352	2	10
3353	3	10
3354	1	10
3355	2	10
3356	3	10
3357	2	10
3358	3	10
3359	3	10
3360	3	10
3361	1	10
3362	1	10
3363	3	10
3364	3	10
3365	3	11
3366	3	11
3367	1	9
3368	3	10
3369	3	10
3370	3	10
3371	2	10
3372	1	10
3373	1	11
3374	3	11
3375	3	11
3376	1	10
3377	3	10
3378	3	10
3379	3	10
3380	1	10
3381	3	10
3382	1	10
3383	2	10
3384	2	10
3385	1	10
3386	2	10
3387	1	11
3388	3	11
3389	1	11
3390	2	9
3391	1	9
3392	1	11
3393	3	11
3394	1	11
3395	1	10
3396	1	11
3397	1	7
3398	1	10
3399	3	10
3400	3	10
3401	1	10
3402	1	10
3403	3	10
3404	2	9
3405	1	11
3406	1	10
3407	3	10
3408	3	10
3409	2	10
3410	1	12
3411	1	11
3412	1	10
3413	2	7
3414	1	10
3415	1	10
3416	3	10
3417	1	10
3418	1	10
3419	1	10
3420	1	11
3421	2	7
3422	1	13
3423	2	11
3424	1	11
3425	1	7
3426	2	8
3427	1	10
3428	1	11
3429	1	10
3430	3	8
3431	3	8
3432	1	11
3433	3	10
3434	2	10
3435	1	10
3436	2	10
3437	1	11
3438	1	11
3439	1	11
3440	1	11
3441	1	11
3442	3	7
3443	1	11
3444	2	10
3445	3	7
3446	3	6
3447	2	10
3448	2	10
3449	2	10
3450	1	10
3451	1	9
3452	1	10
3453	1	10
3454	1	10
3455	1	12
3456	1	10
3457	1	10
3458	1	11
3459	1	11
3460	1	10
3461	1	11
3462	1	8
3463	1	9
3464	3	10
3465	3	11
3466	3	11
3467	3	10
3468	3	10
3469	1	10
3470	2	11
3471	1	10
3472	2	10
3473	1	10
3474	1	11
3475	2	11
3476	1	13
3477	1	11
3478	1	11
3479	3	11
3480	3	11
3481	1	10
3482	3	10
3483	1	10
3484	3	8
3485	2	10
3486	1	10
3487	3	10
3488	1	11
3489	1	11
3490	3	10
3491	3	10
3492	1	10
3493	1	10
3494	1	13
3495	3	10
3496	1	10
3497	1	11
3498	3	10
3499	2	10
3500	3	10
3501	1	7
3502	1	9
3503	1	11
3504	1	10
3505	2	10
3506	1	10
3507	1	10
3508	1	10
3509	1	11
3510	1	11
3511	3	10
3512	2	12
3513	2	11
3514	2	10
3515	3	10
3516	1	10
3517	3	11
3518	1	11
3519	1	10
3520	1	11
3521	1	11
3522	3	10
3523	1	11
3524	1	10
3525	1	8
3526	2	10
3527	3	10
3528	1	10
3529	2	8
3530	1	11
3531	1	10
3532	1	10
3533	1	10
3534	3	10
3535	1	11
3536	1	11
3537	1	11
3538	1	11
3539	1	11
3540	1	11
3541	3	11
3542	1	10
3543	3	11
3544	1	13
3545	1	11
3546	1	11
3547	1	9
3548	1	10
3549	1	9
3550	1	10
3551	1	11
3552	1	10
3553	1	10
3554	1	10
3555	3	10
3556	3	10
3557	3	10
3558	3	10
3559	1	4
3560	3	8
3561	1	12
3562	3	10
3563	2	8
3564	1	10
3565	1	11
3566	1	11
3567	1	11
3568	3	8
3569	3	8
3570	1	11
3571	1	11
3572	1	10
3573	3	10
3574	1	10
3575	3	11
3576	1	11
3577	1	10
3578	1	10
3579	1	11
3580	1	10
3581	1	10
3582	1	11
3583	2	13
3584	1	11
3585	1	11
3586	1	10
3587	1	11
3588	1	11
3589	1	10
3590	2	10
3591	2	11
3592	1	10
3593	1	10
3594	2	11
3595	1	11
3596	2	11
3597	1	11
3598	2	10
3599	1	11
3600	1	6
3601	3	6
3602	3	7
3603	1	11
3604	2	12
3605	1	10
3606	3	10
3607	1	12
3608	1	10
3609	1	11
3610	1	11
3611	1	11
3612	2	11
3613	1	11
3614	1	11
3615	1	11
3616	3	7
3617	1	10
3618	1	10
3619	2	9
3620	3	9
3621	3	9
3622	3	8
3623	1	11
3624	1	11
3625	3	10
3626	3	10
3627	1	11
3628	3	10
3629	3	11
3630	1	11
3631	1	11
3632	3	13
3633	1	13
3634	1	10
3635	1	11
3636	1	11
3637	2	11
3638	3	10
3639	1	10
3640	1	11
3641	1	11
3642	1	9
3643	1	10
3644	1	11
3645	1	11
3646	3	10
3647	3	11
3648	2	11
3649	3	10
3650	1	10
3651	3	11
3652	1	11
3653	2	10
3654	3	11
3655	3	11
3656	1	11
3657	2	11
3658	1	11
3659	1	10
3660	1	10
3661	1	11
3662	1	10
3663	3	11
3664	1	11
3665	1	10
3666	3	9
3667	3	10
3668	3	11
3669	1	11
3670	2	11
3671	1	11
3672	1	10
3673	3	11
3674	1	10
3675	1	10
3676	3	11
3677	1	10
3678	1	10
3679	3	10
3680	3	6
3681	3	6
3682	1	11
3683	1	11
3684	1	11
3685	1	11
3686	1	11
3687	2	10
3688	2	10
3689	1	11
3690	1	10
3691	1	10
3692	1	11
3693	2	10
3694	1	10
3695	1	11
3696	1	12
3697	1	12
3698	1	11
3699	1	11
3700	3	11
3701	1	12
3702	3	11
3703	1	10
3704	1	10
3705	1	10
3706	2	11
3707	3	7
3708	2	7
3709	1	10
3710	2	13
3711	3	11
3712	1	11
3713	1	10
3714	2	10
3715	3	9
3716	3	9
3717	3	9
3718	3	11
3719	2	10
3720	2	9
3721	3	11
3722	1	11
3723	2	11
3724	2	11
3725	1	11
3726	1	11
3727	1	11
3728	1	12
3729	1	11
3730	2	10
3731	3	11
3732	3	11
3733	3	9
3734	3	9
3735	3	9
3736	3	11
3737	1	11
3738	1	13
3739	2	11
3740	3	10
3741	2	11
3742	1	11
3743	1	11
3744	1	11
3745	1	11
3746	1	11
3747	1	11
3748	2	11
3749	1	11
3750	1	12
3751	1	11
3752	1	10
3753	1	2
3754	1	7
3755	1	10
3756	2	10
3757	1	10
3758	1	10
3759	1	11
3760	3	11
3761	1	11
3762	1	11
3763	1	11
3764	1	11
3765	2	6
3766	1	11
3767	2	8
3768	3	11
3769	1	10
3770	2	10
3771	1	12
3772	2	11
3773	1	11
3774	1	11
3775	2	11
3776	1	11
3777	1	11
3778	1	11
3779	1	11
3780	1	11
3781	1	11
3782	1	10
3783	1	10
3784	1	11
3785	2	7
3786	2	10
3787	1	8
3788	3	8
3789	3	8
3790	3	8
3791	2	10
3792	1	10
3793	1	8
3794	1	10
3795	1	10
3796	1	10
3797	1	11
3798	1	10
3799	1	11
3800	2	11
3801	1	11
3802	1	11
3803	1	10
3804	1	12
3805	2	11
3806	2	10
3807	3	11
3808	3	7
3809	1	11
3810	1	10
3811	1	8
3812	3	8
3813	1	7
3814	1	13
3815	3	10
3816	2	11
3817	1	11
3818	1	10
3819	3	8
3820	1	11
3821	1	11
3822	1	6
3823	1	10
3824	1	10
3825	3	10
3826	2	2
3827	3	10
3828	1	10
3829	3	12
3830	1	10
3831	1	11
3832	1	10
3833	1	8
3834	1	10
3835	3	8
3836	3	8
3837	3	8
3838	2	2
3839	2	11
3840	1	10
3841	3	9
3842	1	10
3843	1	12
3844	1	12
3845	1	11
3846	2	11
3847	2	11
3848	1	8
3849	1	10
3850	1	10
3851	1	11
3852	1	12
3853	2	11
3854	1	7
3855	2	11
3856	1	11
3857	1	11
3858	1	7
3859	2	11
3860	3	11
3861	3	11
3862	1	11
3863	3	7
3864	3	8
3865	1	12
3866	3	11
3867	1	11
3868	1	8
3869	1	11
3870	1	12
3871	2	11
3872	1	11
3873	1	12
3874	3	11
3875	3	11
3876	3	10
3877	1	11
3878	1	11
3879	1	12
3880	1	11
3881	1	11
3882	2	8
3883	1	11
3884	1	11
3885	1	11
3886	2	7
3887	2	12
3888	1	11
3889	1	11
3890	1	11
3891	3	10
3892	2	11
3893	2	10
3894	2	10
3895	1	8
3896	3	11
3897	1	12
3898	1	11
3899	1	11
3900	1	9
3901	3	11
3902	1	11
3903	2	11
3904	1	10
3905	3	5
3906	3	5
3907	1	2
3908	2	8
3909	1	11
3910	1	11
3911	1	11
3912	3	10
3913	2	11
3914	1	11
3915	1	11
3916	1	11
3917	2	11
3918	1	11
3919	1	11
3920	1	11
3921	3	11
3922	2	10
3923	3	11
3924	1	11
3925	1	11
3926	1	11
3927	1	11
3928	3	12
3929	1	11
3930	1	11
3931	2	11
3932	1	12
3933	1	11
3934	1	12
3935	1	11
3936	1	12
3937	1	12
3938	1	12
3939	2	11
3940	1	11
3941	1	11
3942	1	12
3943	1	11
3944	1	12
3945	1	11
3946	1	8
3947	1	10
3948	3	12
3949	1	12
3950	1	10
3951	1	11
3952	1	10
3953	1	12
3954	1	12
3955	1	11
3956	3	11
3957	2	6
3958	2	11
3959	2	13
3960	1	12
3961	1	11
3962	3	11
3963	1	13
3964	1	11
3965	1	11
3966	1	11
3967	1	11
3968	3	11
3969	3	11
3970	1	11
3971	1	11
3972	1	11
3973	1	12
3974	1	12
3975	1	11
3976	3	11
3977	1	11
3978	1	12
3979	1	11
3980	1	13
3981	2	12
3982	3	12
3983	2	2
3984	3	11
3985	1	12
3986	1	10
3987	1	10
3988	3	11
3989	3	11
3990	3	11
3991	2	12
3992	2	12
3993	3	10
3994	3	13
3995	1	13
3996	1	11
3997	1	10
3998	1	9
3999	1	11
4000	3	11
4001	1	11
4002	1	12
4003	2	12
4004	3	12
4005	1	12
4006	1	11
4007	3	12
4008	3	8
4009	1	8
4010	2	8
4011	1	10
4012	1	10
4013	1	13
4014	3	11
4015	3	11
4016	1	11
4017	2	12
4018	1	11
4019	1	12
4020	3	11
4021	1	11
4022	1	12
4023	3	11
4024	3	11
4025	3	11
4026	1	11
4027	1	12
4028	1	11
4029	1	2
4030	1	12
4031	1	11
4032	1	12
4033	3	11
4034	3	11
4035	3	11
4036	1	11
4037	1	12
4038	1	11
4039	3	11
4040	1	12
4041	1	11
4042	3	11
4043	1	12
4044	1	12
4045	3	12
4046	3	12
4047	1	11
4048	2	11
4049	3	12
4050	1	11
4051	3	12
4052	3	11
4053	3	11
4054	3	11
4055	1	12
4056	1	12
4057	3	12
4058	3	12
4059	3	12
4060	3	11
4061	1	11
4062	3	7
4063	3	11
4064	3	12
4065	1	12
4066	1	11
4067	1	11
4068	1	12
4069	1	11
4070	3	11
4071	3	11
4072	1	11
4073	3	11
4074	3	11
4075	3	11
4076	1	12
4077	1	12
4078	3	12
4079	3	13
4080	1	9
4081	3	13
4082	1	13
4083	3	11
4084	3	11
4085	1	12
4086	3	12
4087	3	12
4088	3	12
4089	3	12
4090	1	11
4091	1	11
4092	1	11
4093	3	11
4094	1	11
4095	1	12
4096	1	13
4097	1	12
4098	3	11
4099	3	11
4100	3	11
4101	1	10
4102	1	12
4103	3	11
4104	3	12
4105	1	12
4106	1	12
4107	1	11
4108	1	12
4109	1	13
4110	1	12
4111	1	12
4112	3	12
4113	1	12
4114	1	12
4115	2	12
4116	3	12
4117	3	10
4118	1	12
4119	2	12
4120	3	12
4121	1	13
4122	2	12
4123	1	12
4124	2	11
4125	3	11
4126	3	11
4127	3	11
4128	3	11
4129	3	12
4130	3	11
4131	1	12
4132	3	12
4133	3	11
4134	3	11
4135	2	11
4136	3	11
4137	3	11
4138	2	12
4139	2	12
4140	1	12
4141	3	12
4142	1	13
4143	1	11
4144	1	11
4145	1	12
4146	1	12
4147	2	11
4148	2	12
4149	1	12
4150	3	12
4151	1	10
4152	1	2
4153	3	11
4154	1	11
4155	3	13
4156	1	11
4157	3	11
4158	3	11
4159	1	12
4160	1	12
4161	3	11
4162	3	10
4163	3	9
4164	3	11
4165	3	11
4166	3	11
4167	3	11
4168	1	12
4169	3	11
4170	3	11
4171	3	11
4172	1	12
4173	3	13
4174	3	12
4175	3	11
4176	1	11
4177	1	12
4178	3	13
4179	1	13
4180	3	11
4181	3	11
4182	1	12
4183	1	12
4184	3	11
4185	3	12
4186	1	10
4187	3	10
4188	3	11
4189	2	11
4190	1	12
4191	3	12
4192	3	12
4193	1	12
4194	1	12
4195	1	12
4196	1	12
4197	1	11
4198	3	11
4199	3	11
4200	3	11
4201	1	11
4202	1	11
4203	2	12
4204	1	12
4205	1	12
4206	1	12
4207	1	12
4208	3	12
4209	2	12
4210	3	12
4211	1	12
4212	1	12
4213	2	12
4214	2	12
4215	1	11
4216	1	12
4217	1	12
4218	1	12
4219	2	2
4220	1	11
4221	3	11
4222	3	12
4223	1	12
4224	3	11
4225	3	12
4226	2	12
4227	3	12
4228	3	12
4229	3	11
4230	3	11
4231	3	11
4232	3	11
4233	3	12
4234	3	12
4235	1	14
4236	2	8
4237	3	11
4238	3	12
4239	3	11
4240	3	11
4241	3	11
4242	3	11
4243	3	11
4244	3	11
4245	3	11
4246	3	11
4247	3	11
4248	3	12
4249	1	12
4250	3	11
4251	3	12
4252	3	12
4253	1	11
4254	3	11
4255	3	11
4256	1	11
4257	3	10
4258	3	12
4259	3	14
4260	3	12
4261	3	10
4262	3	10
4263	3	11
4264	3	11
4265	3	11
4266	3	10
4267	3	11
4268	3	11
4269	3	11
4270	3	11
4271	3	12
4272	3	12
4273	1	14
4274	3	12
4275	3	12
4276	3	12
4277	3	12
4278	1	12
4279	2	11
4280	3	11
4281	3	11
4282	3	11
4283	2	12
4284	1	12
4285	3	11
4286	3	12
4287	1	12
4288	3	12
4289	3	11
4290	3	10
4291	3	11
4292	1	11
4293	3	11
4294	2	12
4295	3	12
4296	3	11
4297	3	11
4298	3	11
4299	3	11
4300	3	11
4301	3	11
4302	3	11
4303	3	12
4304	3	12
4305	3	11
4306	3	11
4307	3	11
4308	3	11
4309	3	11
4310	3	11
4311	3	11
4312	3	11
4313	3	11
4314	3	11
4315	2	11
4316	1	12
4317	2	8
4318	3	8
4319	1	12
4320	3	12
4321	1	13
4322	2	12
4323	2	12
4324	2	12
4325	3	11
4326	3	11
4327	3	11
4328	3	11
4329	3	11
4330	3	11
4331	3	11
4332	3	11
4333	3	11
4334	3	12
4335	3	11
4336	3	12
4337	3	12
4338	3	12
4339	3	11
4340	3	11
4341	3	12
4342	3	11
4343	3	11
4344	1	12
4345	3	12
4346	2	12
4347	1	10
4348	1	12
4349	1	12
4350	2	7
4351	3	12
4352	3	12
4353	3	11
4354	3	11
4355	3	11
4356	3	11
4357	3	11
4358	3	11
4359	3	11
4360	3	11
4361	3	11
4362	3	11
4363	3	11
4364	3	11
4365	3	11
4366	3	11
4367	3	11
4368	3	11
4369	2	12
4370	1	11
4371	1	12
4372	3	12
4373	3	12
4374	3	12
4375	1	12
4376	2	11
4377	1	11
4378	1	12
4379	2	13
4380	1	12
4381	3	14
4382	1	11
4383	1	12
4384	3	14
4385	3	12
4386	2	12
4387	3	11
4388	1	12
4389	1	11
4390	2	12
4391	1	13
4392	3	14
4393	3	11
4394	3	14
4395	1	13
4396	3	12
4397	3	12
4398	3	11
4399	3	11
4400	3	11
4401	3	11
4402	3	12
4403	1	12
4404	1	12
4405	1	13
4406	1	12
4407	1	12
4408	1	12
4409	1	13
4410	2	13
4411	3	11
4412	3	12
4413	3	10
4414	1	12
4415	3	12
4416	1	11
4417	1	12
4418	1	12
4419	3	9
4420	1	9
4421	1	13
4422	1	12
4423	2	12
4424	2	12
4425	3	12
4426	3	12
4427	3	12
4428	3	12
4429	1	12
4430	3	13
4431	3	13
4432	1	13
4433	1	10
4434	1	12
4435	3	12
4436	1	12
4437	1	12
4438	1	13
4439	3	11
4440	3	9
4441	3	11
4442	1	12
4443	1	13
4444	1	11
4445	3	12
4446	1	12
4447	1	12
4448	1	13
4449	3	12
4450	3	12
4451	1	12
4452	1	12
4453	1	13
4454	3	12
4455	2	12
4456	1	14
4457	1	8
4458	3	12
4459	3	12
4460	1	12
4461	3	11
4462	3	9
4463	3	12
4464	3	12
4465	3	11
4466	1	11
4467	2	14
4468	2	11
4469	3	12
4470	1	8
4471	3	12
4472	3	11
4473	3	11
4474	3	11
4475	3	11
4476	3	11
4477	1	11
4478	3	12
4479	2	8
4480	3	11
4481	3	11
4482	3	12
4483	1	12
4484	1	12
4485	3	12
4486	3	12
4487	1	12
4488	3	12
4489	3	14
4490	3	12
4491	2	13
4492	2	11
4493	3	12
4494	3	12
4495	3	12
4496	3	12
4497	3	12
4498	1	12
4499	3	12
4500	3	11
4501	3	11
4502	1	12
4503	3	12
4504	3	12
4505	3	12
4506	3	12
4507	1	12
4508	1	7
4509	1	12
4510	1	12
4511	1	12
4512	1	12
4513	1	11
4514	3	13
4515	3	12
4516	3	11
4517	3	11
4518	3	9
4519	3	11
4520	1	11
4521	3	11
4522	3	7
4523	1	12
4524	3	12
4525	1	12
4526	3	12
4527	1	13
4528	1	12
4529	1	12
4530	1	11
4531	1	12
4532	3	11
4533	3	11
4534	3	11
4535	3	11
4536	3	12
4537	1	12
4538	1	12
4539	3	12
4540	2	12
4541	3	12
4542	3	12
4543	3	12
4544	1	12
4545	3	12
4546	1	12
4547	1	12
4548	2	13
4549	1	12
4550	3	12
4551	3	12
4552	1	12
4553	1	12
4554	3	12
4555	2	12
4556	2	12
4557	1	12
4558	1	13
4559	3	12
4560	2	12
4561	3	11
4562	3	12
4563	1	12
4564	3	13
4565	3	11
4566	1	12
4567	1	12
4568	1	14
4569	1	14
4570	3	12
4571	2	12
4572	1	12
4573	3	12
4574	1	12
4575	1	13
4576	1	14
4577	3	12
4578	1	12
4579	3	12
4580	1	12
4581	3	12
4582	3	12
4583	3	12
4584	2	3
4585	3	3
4586	1	14
4587	1	10
4588	2	3
4589	3	12
4590	3	12
4591	1	12
4592	1	12
4593	1	12
4594	3	12
4595	3	12
4596	1	12
4597	1	12
4598	3	13
4599	3	13
4600	3	11
4601	1	12
4602	3	12
4603	1	12
4604	3	12
4605	3	11
4606	3	11
4607	3	11
4608	3	9
4609	2	13
4610	1	13
4611	3	12
4612	1	12
4613	3	12
4614	3	12
4615	3	11
4616	3	11
4617	3	11
4618	3	11
4619	3	11
4620	1	10
4621	3	12
4622	3	12
4623	3	12
4624	1	12
4625	1	12
4626	1	12
4627	1	12
4628	1	12
4629	1	12
4630	3	12
4631	3	11
4632	3	11
4633	3	12
4634	3	12
4635	3	12
4636	3	12
4637	3	12
4638	1	13
4639	3	11
4640	3	12
4641	3	12
4642	3	12
4643	3	12
4644	1	3
4645	1	3
4646	1	13
4647	1	12
4648	1	12
4649	1	12
4650	3	13
4651	3	12
4652	3	11
4653	1	12
4654	1	12
4655	3	12
4656	1	12
4657	3	12
4658	3	12
4659	1	12
4660	3	13
4661	3	11
4662	3	11
4663	3	11
4664	3	11
4665	1	12
4666	3	12
4667	1	13
4668	3	11
4669	3	13
4670	3	13
4671	3	13
4672	3	13
4673	3	13
4674	3	12
4675	2	12
4676	3	12
4677	1	13
4678	1	12
4679	1	12
4680	1	12
4681	1	12
4682	3	12
4683	3	12
4684	1	12
4685	1	12
4686	1	12
4687	1	13
4688	1	12
4689	3	12
4690	3	12
4691	3	10
4692	3	13
4693	3	13
4694	1	12
4695	3	12
4696	3	12
4697	3	13
4698	1	13
4699	3	12
4700	1	12
4701	3	12
4702	3	11
4703	3	11
4704	3	11
4705	3	11
4706	1	12
4707	2	12
4708	3	12
4709	3	12
4710	1	13
4711	3	11
4712	3	11
4713	3	12
4714	3	11
4715	3	11
4716	3	13
4717	3	12
4718	1	12
4719	3	12
4720	3	12
4721	1	12
4722	3	12
4723	3	12
4724	3	12
4725	3	12
4726	3	12
4727	3	12
4728	3	12
4729	3	12
4730	3	12
4731	1	13
4732	1	12
4733	3	12
4734	3	12
4735	3	13
4736	2	12
4737	3	12
4738	3	12
4739	3	11
4740	3	11
4741	3	11
4742	3	9
4743	3	10
4744	3	12
4745	1	12
4746	1	12
4747	3	14
4748	1	14
4749	3	12
4750	3	11
4751	3	12
4752	2	13
4753	3	11
4754	3	11
4755	3	13
4756	3	13
4757	3	12
4758	3	11
4759	3	11
4760	1	14
4761	1	8
4762	1	14
4763	1	13
4764	3	13
4765	3	11
4766	3	11
4767	3	14
4768	3	12
4769	3	12
4770	3	12
4771	3	12
4772	3	12
4773	3	13
4774	3	13
4775	1	12
4776	1	12
4777	3	13
4778	3	11
4779	3	11
4780	3	11
4781	3	13
4782	3	12
4783	3	13
4784	3	13
4785	3	13
4786	3	14
4787	3	14
4788	3	11
4789	3	11
4790	3	13
4791	3	13
4792	3	13
4793	3	12
4794	3	12
4795	3	12
4796	3	12
4797	3	12
4798	3	12
4799	3	12
4800	1	14
4801	3	12
4802	1	12
4803	3	13
4804	3	12
4805	3	13
4806	1	13
4807	1	12
4808	3	12
4809	3	12
4810	1	13
4811	3	13
4812	3	12
4813	1	13
4814	3	13
4815	3	11
4816	3	12
4817	3	11
4818	3	11
4819	3	11
4820	3	11
4821	3	3
4822	3	3
4823	3	12
4824	3	12
4825	3	14
4826	3	13
4827	3	13
4828	1	13
4829	3	11
4830	3	13
4831	3	13
4832	3	12
4833	3	13
4834	3	13
4835	3	12
4836	3	8
4837	3	8
4838	3	14
4839	3	12
4840	1	14
4841	1	3
4842	3	11
4843	3	12
4844	3	12
4845	2	13
4846	1	13
4847	3	13
4848	3	11
4849	3	11
4850	3	11
4851	1	12
4852	1	9
4853	3	12
4854	3	12
4855	3	12
4856	2	12
4857	1	13
4858	3	12
4859	2	13
4860	1	13
4861	1	13
4862	1	13
4863	1	13
4864	1	13
4865	3	14
4866	3	13
4867	2	13
4868	2	13
4869	3	12
4870	3	11
4871	3	13
4872	2	14
4873	2	13
4874	3	13
4875	3	13
4876	3	13
4877	3	11
4878	3	13
4879	1	13
4880	3	13
4881	3	12
4882	3	12
4883	3	12
4884	3	13
4885	3	13
4886	2	13
4887	2	13
4888	2	13
4889	2	13
4890	1	13
4891	3	13
4892	3	12
4893	3	13
4894	3	13
4895	3	13
4896	1	13
4897	3	13
4898	3	13
4899	3	13
4900	3	13
4901	3	9
4902	2	13
4903	2	12
4904	3	12
4905	2	13
4906	3	13
4907	3	13
4908	3	13
4909	3	12
4910	3	12
4911	3	12
4912	3	12
4913	3	12
4914	3	13
4915	3	13
4916	3	11
4917	2	13
4918	1	13
4919	3	9
4920	3	13
4921	3	12
4922	3	12
4923	3	12
4924	1	12
4925	1	13
4926	3	13
4927	1	13
4928	1	3
4929	1	12
4930	3	13
4931	1	12
4932	3	13
4933	3	13
4934	3	12
4935	3	13
4936	3	12
4937	1	13
4938	3	13
4939	3	12
4940	1	13
4941	3	12
4942	3	12
4943	3	12
4944	3	12
4945	3	12
4946	3	12
4947	3	12
4948	3	12
4949	1	14
4950	3	12
4951	3	12
4952	3	12
4953	3	12
4954	2	13
4955	2	14
4956	1	13
4957	1	13
4958	1	13
4959	1	13
4960	1	13
4961	3	9
4962	3	12
4963	3	12
4964	3	12
4965	3	11
4966	3	12
4967	3	12
4968	3	12
4969	3	12
4970	1	13
4971	3	12
4972	3	12
4973	3	12
4974	1	12
4975	3	13
4976	3	13
4977	3	11
4978	3	11
4979	3	11
4980	3	11
4981	3	11
4982	3	13
4983	3	13
4984	3	13
4985	3	12
4986	3	12
4987	3	12
4988	3	13
4989	3	13
4990	3	13
4991	3	12
4992	3	12
4993	1	13
4994	3	13
4995	3	12
4996	3	7
4997	3	7
4998	3	7
4999	3	13
5000	3	13
5001	3	12
5002	3	12
5003	1	13
5004	3	12
5005	3	12
5006	3	11
5007	3	13
5008	3	13
5009	3	13
5010	3	11
5011	1	14
5012	3	13
5013	3	11
5014	3	13
5015	1	14
5016	1	12
5017	1	3
5018	1	8
5019	1	12
5020	3	13
5021	3	11
5022	3	5
5023	3	5
5024	1	13
5025	3	13
5026	1	12
5027	3	13
5028	3	13
5029	3	13
5030	3	13
5031	1	12
5032	3	13
5033	3	13
5034	3	12
5035	3	12
5036	3	13
5037	1	13
5038	3	13
5039	3	12
5040	1	13
5041	1	13
5042	1	13
5043	3	13
5044	3	13
5045	3	13
5046	1	14
5047	1	13
5048	3	13
5049	3	13
5050	3	13
5051	3	13
5052	3	13
5053	1	13
5054	3	12
5055	1	14
5056	3	13
5057	3	13
5058	3	13
5059	1	13
5060	1	14
5061	2	11
5062	1	14
5063	1	14
5064	1	13
5065	3	13
5066	3	11
5067	1	14
5068	3	13
5069	1	3
5070	3	15
5071	1	14
5072	3	14
5073	3	11
5074	3	13
5075	3	13
5076	1	12
5077	3	12
5078	3	9
5079	3	10
5080	3	13
5081	3	13
5082	3	14
5083	3	14
5084	3	13
5085	3	10
5086	2	3
5087	2	12
5088	3	12
5089	3	13
5090	3	13
5091	3	13
5092	3	8
5093	3	12
5094	3	13
5095	3	13
5096	3	13
5097	3	13
5098	3	13
5099	1	13
5100	1	13
5101	1	13
5102	3	11
5103	3	13
5104	3	13
5105	1	13
5106	1	13
5107	1	13
5108	3	12
5109	3	12
5110	2	13
5111	1	14
5112	3	13
5113	3	12
5114	3	13
5115	3	13
5116	3	13
5117	3	13
5118	1	13
5119	3	13
5120	2	14
5121	1	13
5122	3	12
5123	3	13
5124	3	13
5125	3	13
5126	3	13
5127	3	13
5128	3	13
5129	2	9
5130	2	13
5131	3	13
5132	1	13
5133	3	13
5134	1	13
5135	1	13
5136	3	13
5137	3	13
5138	3	13
5139	3	13
5140	3	13
5141	3	13
5142	3	13
5143	3	13
5144	3	13
5145	3	13
5146	3	13
5147	1	13
5148	1	13
5149	1	13
5150	3	13
5151	3	13
5152	3	13
5153	3	13
5154	3	13
5155	3	13
5156	3	13
5157	3	13
5158	3	13
5159	3	13
5160	3	13
5161	3	13
5162	3	13
5163	3	13
5164	3	13
5165	1	13
5166	1	15
5167	2	14
5168	1	12
5169	3	12
5170	3	13
5171	3	13
5172	3	13
5173	3	13
5174	2	12
5175	3	15
5176	3	13
5177	3	13
5178	1	12
5179	1	12
5180	1	14
5181	3	12
5182	2	13
5183	3	13
5184	2	14
5185	3	13
5186	3	12
5187	1	12
5188	3	13
5189	3	13
5190	3	13
5191	3	13
5192	3	13
5193	3	14
5194	3	13
5195	3	13
5196	3	13
5197	3	13
5198	3	14
5199	3	13
5200	3	13
5201	3	13
5202	1	14
5203	3	13
5204	3	13
5205	3	15
5206	3	13
5207	3	13
5208	3	13
5209	3	13
5210	3	13
5211	3	13
5212	3	13
5213	1	13
5214	3	13
5215	3	13
5216	3	12
5217	1	13
5218	2	14
5219	3	13
5220	3	13
5221	3	13
5222	3	13
5223	3	13
5224	1	13
5225	3	13
5226	1	13
5227	3	12
5228	2	13
5229	1	14
5230	1	14
5231	3	13
5232	2	13
5233	2	13
5234	1	13
5235	1	13
5236	1	13
5237	1	14
5238	3	13
5239	3	13
5240	3	13
5241	3	13
5242	2	13
5243	2	14
5244	3	13
5245	1	14
5246	3	13
5247	1	14
5248	3	14
5249	1	14
5250	3	13
5251	3	4
5252	3	13
5253	1	13
5254	1	13
5255	3	13
5256	3	13
5257	3	13
5258	1	13
5259	3	13
5260	3	13
5261	3	13
5262	3	13
5263	3	11
5264	3	13
5265	3	13
5266	1	13
5267	3	13
5268	3	13
5269	3	13
5270	3	13
5271	3	13
5272	3	13
5273	2	12
5274	1	12
5275	1	11
5276	3	13
5277	1	13
5278	3	13
5279	1	14
5280	3	13
5281	3	13
5282	3	13
5283	3	13
5284	3	13
5285	1	14
5286	3	13
5287	3	13
5288	3	13
5289	3	13
5290	3	13
5291	1	14
5292	1	13
5293	3	13
5294	3	13
5295	3	13
5296	3	13
5297	1	13
5298	3	13
5299	3	13
5300	2	13
5301	1	13
5302	3	13
5303	1	13
5304	3	13
5305	3	13
5306	3	14
5307	1	14
5308	1	14
5309	2	14
5310	1	13
5311	3	13
5312	1	13
5313	1	13
5314	3	13
5315	3	14
5316	3	13
5317	3	13
5318	1	14
5319	1	13
5320	3	13
5321	1	14
5322	3	13
5323	3	13
5324	1	13
5325	1	13
5326	3	14
5327	3	14
5328	3	14
5329	1	13
5330	1	13
5331	1	13
5332	3	13
5333	3	14
5334	1	13
5335	1	13
5336	3	13
5337	3	14
5338	3	13
5339	3	13
5340	3	13
5341	1	13
5342	3	13
5343	3	13
5344	3	13
5345	3	14
5346	1	15
5347	1	14
5348	3	14
5349	2	14
5350	3	14
5351	3	14
5352	3	14
5353	3	13
5354	3	14
5355	3	14
5356	3	13
5357	1	13
5358	3	13
5359	2	14
5360	3	14
5361	3	14
5362	3	14
5363	3	14
5364	1	14
5365	3	14
5366	2	14
5367	2	14
5368	3	14
5369	3	14
5370	3	13
5371	3	14
5372	2	13
5373	3	14
5374	3	14
5375	1	14
5376	3	14
5377	2	14
5378	3	14
5379	1	14
5380	1	13
5381	3	14
5382	3	14
5383	1	13
5384	3	15
5385	3	14
5386	2	9
5387	3	4
5388	3	14
5389	3	15
5390	3	15
5391	3	14
5392	1	14
5393	3	14
5394	1	14
5395	2	14
5396	2	15
5397	3	14
5398	3	14
5399	3	14
5400	3	15
5401	3	14
5402	3	14
5403	3	14
5404	1	14
5405	3	14
5406	3	14
5407	1	14
5408	3	14
5409	3	14
5410	3	14
5411	3	4
5412	1	14
5413	3	14
5414	1	12
5415	2	11
5416	1	13
5417	1	14
5418	3	14
5419	3	13
5420	3	13
5421	3	14
5422	3	14
5423	1	14
5424	1	14
5425	1	15
5426	1	14
5427	1	14
5428	3	14
5429	1	14
5430	3	14
5431	3	14
5432	3	14
5433	3	14
5434	1	14
5435	3	4
5436	3	13
5437	2	14
5438	2	14
5439	3	4
5440	2	14
5441	2	14
5442	3	13
5443	3	14
5444	3	4
5445	3	14
5446	1	14
5447	1	15
5448	3	13
5449	3	14
5450	3	15
5451	3	15
5452	3	4
5453	3	15
5454	3	15
5455	3	14
5456	3	15
5457	1	15
5458	2	15
5459	3	15
5460	3	12
5461	3	13
5462	3	14
5463	3	14
5464	3	14
5465	3	15
5466	3	15
5467	2	14
5468	3	14
5469	1	14
5470	3	15
5471	3	15
5472	2	14
5473	3	14
5474	3	15
5475	3	15
5476	1	15
5477	3	13
5478	3	12
5479	3	15
5480	3	15
5481	3	13
5482	3	9
5483	1	15
5484	3	14
5485	3	15
5486	3	14
5487	3	14
5488	3	14
5489	3	13
5490	3	13
5491	3	14
5492	3	14
5493	1	14
5494	3	15
5495	3	15
5496	3	14
5497	3	14
5498	1	15
5499	2	14
5500	1	14
5501	1	14
5502	3	15
5503	3	15
5504	3	14
5505	1	15
5506	3	14
5507	1	14
5508	2	14
5509	3	14
5510	1	14
5511	1	14
5512	1	14
5513	3	15
5514	3	14
5515	1	14
5516	3	14
5517	3	14
5518	2	14
5519	1	14
5520	1	14
5521	1	15
5522	2	14
5523	3	14
5524	3	14
5525	3	13
5526	3	15
5527	1	15
5528	1	15
5529	1	15
5530	1	14
5531	3	14
5532	3	13
5533	1	15
5534	3	14
5535	3	13
5536	2	14
5537	3	13
5538	3	13
5539	3	14
5540	3	14
5541	3	14
5542	3	14
5543	3	15
5544	3	14
5545	3	14
5546	3	14
5547	1	15
5548	1	14
5549	3	14
5550	3	15
5551	2	14
5552	1	14
5553	3	14
5554	3	14
5555	3	15
5556	3	13
5557	3	13
5558	3	14
5559	1	14
5560	1	15
5561	3	15
5562	1	15
5563	3	15
5564	1	15
5565	3	14
5566	1	14
5567	2	14
5568	2	14
5569	3	14
5570	3	15
5571	3	14
5572	3	15
5573	3	15
5574	3	15
5575	3	13
5576	3	14
5577	3	15
5578	2	15
5579	3	15
5580	2	15
5581	3	13
5582	3	12
5583	2	14
5584	2	15
5585	1	15
5586	1	15
5587	3	13
5588	1	14
5589	3	10
5590	3	13
5591	3	15
5592	2	15
5593	2	15
5594	1	15
5595	1	15
5596	1	15
5597	2	15
5598	1	15
5599	3	15
5600	3	15
5601	3	14
5602	2	15
5603	1	15
5604	1	14
5605	3	15
5606	3	14
5607	2	14
5608	3	14
5609	3	14
5610	3	14
5611	1	14
5612	3	13
5613	3	15
5614	3	15
5615	3	15
5616	3	15
5617	1	15
5618	1	15
5619	3	15
5620	3	14
5621	3	15
5622	1	15
5623	1	15
5624	1	16
5625	3	15
5626	1	16
5627	1	16
5628	1	15
5629	2	15
5630	2	15
5631	2	15
5632	1	15
5633	1	15
5634	2	16
5635	1	15
5636	2	15
5637	1	15
5638	1	15
5639	1	15
5640	1	15
5641	1	15
5642	1	15
5643	1	15
5644	1	15
5645	1	15
5646	1	16
5647	1	15
5648	1	16
5649	2	15
5650	1	15
5651	1	15
5652	1	15
5653	1	15
5654	3	16
5655	2	15
5656	1	16
5657	1	15
5658	1	16
5659	1	15
5660	1	15
5661	1	16
5662	1	15
5663	1	15
5664	3	16
5665	1	16
5666	1	15
5667	2	16
5668	1	15
5669	1	15
5670	1	16
5671	2	16
5672	2	15
5673	1	15
5674	1	15
5675	1	16
5676	1	15
5677	1	15
5678	1	15
5679	1	15
5680	1	16
5681	2	16
5682	1	15
5683	1	15
5684	2	15
5685	1	15
5686	1	16
5687	1	15
5688	1	16
5689	2	16
5690	2	16
5691	1	16
5692	1	15
5693	1	16
5694	1	16
5695	3	16
5696	1	16
5697	1	16
5698	1	16
5699	1	16
5700	1	16
5701	2	15
5702	1	15
5703	1	16
5704	1	16
5705	2	16
5706	1	15
5707	1	16
5708	1	16
5709	1	15
5710	2	16
5711	1	15
5712	1	16
5713	1	16
5714	3	16
5715	2	16
5716	1	16
5717	2	16
5718	1	16
5719	1	15
5720	1	16
5721	1	16
5722	2	16
5723	1	15
5724	1	15
5725	1	16
5726	3	16
5727	1	16
5728	1	16
5729	2	15
5730	1	16
5731	2	15
5732	1	16
5733	1	16
5734	2	16
5735	1	16
5736	1	16
5737	1	16
5738	1	16
5739	1	16
5740	1	16
5741	1	16
5742	1	16
5743	1	16
5744	1	16
5745	1	16
5746	1	16
5747	1	16
5748	2	15
5749	1	16
5750	2	16
5751	1	16
5752	1	16
5753	3	16
5754	1	16
5755	1	16
5756	1	16
5757	1	16
5758	1	16
5759	1	16
5760	1	16
5761	1	16
5762	1	16
5763	1	16
5764	1	16
5765	2	16
5766	1	16
5767	1	16
5768	1	16
5769	1	16
5770	1	16
5771	2	15
5772	1	16
5773	2	15
5774	1	16
5775	1	16
5776	1	16
5777	2	15
5778	1	16
5779	3	15
5780	1	16
5781	1	15
5782	1	16
5783	1	16
5784	1	16
5785	1	16
5786	3	16
5787	2	16
5788	1	16
5789	3	16
5790	1	15
5791	1	15
5792	1	16
5793	1	15
5794	1	15
5795	3	16
5796	2	15
5797	1	15
5798	3	16
5799	1	16
5800	1	16
5801	2	16
5802	1	16
5803	1	16
5804	1	15
5805	1	16
5806	1	15
5807	1	15
5808	1	15
5809	3	17
5810	3	17
5811	1	15
5812	1	15
5813	1	16
5814	1	16
5815	1	16
5816	1	15
5817	1	16
5818	1	15
5819	1	15
5820	1	16
5821	1	15
5822	1	15
5823	1	15
5824	1	15
5825	1	15
5826	1	15
5827	1	15
5828	1	16
5829	1	15
5830	1	15
5831	1	16
5832	1	15
5833	1	16
5834	1	16
5835	3	16
5836	1	16
5837	1	16
5838	1	16
5839	1	15
5840	1	15
5841	2	16
5842	2	16
5843	2	16
5844	3	16
5845	1	16
5846	3	16
5847	3	16
5848	1	15
5849	1	15
5850	1	15
5851	1	16
5852	1	15
5853	1	16
5854	2	16
5855	3	16
5856	1	16
5857	1	15
5858	1	15
5859	3	16
5860	1	16
5861	1	16
5862	1	16
5863	3	16
5864	1	15
5865	1	16
5866	1	16
5867	1	15
5868	1	15
5869	1	15
5870	1	15
5871	3	16
5872	1	16
5873	3	16
5874	3	16
5875	1	15
5876	1	15
5877	1	15
5878	1	15
5879	1	15
5880	3	16
5881	3	16
5882	1	15
5883	1	16
5884	1	15
5885	1	15
5886	2	16
5887	1	15
5888	1	15
5889	3	16
5890	3	16
5891	2	16
5892	1	16
5893	1	16
5894	3	16
5895	3	16
5896	1	16
5897	3	16
5898	3	16
5899	1	15
5900	3	16
5901	3	16
5902	1	16
5903	3	16
5904	1	16
5905	1	15
5906	1	15
5907	1	16
5908	3	16
5909	1	15
5910	3	16
5911	3	16
5912	3	16
5913	1	16
5914	3	16
5915	3	16
5916	3	16
5917	1	16
5918	3	16
5919	1	15
5920	1	15
5921	1	16
5922	3	17
5923	3	16
5924	3	16
5925	1	15
5926	1	15
5927	3	16
5928	1	16
5929	3	16
5930	3	16
5931	1	16
5932	1	15
5933	3	16
5934	3	17
5935	3	17
5936	3	16
5937	3	17
5938	3	16
5939	3	16
5940	3	16
5941	3	16
5942	3	16
5943	3	17
5944	3	17
5945	3	17
5946	3	16
5947	3	16
5948	3	16
5949	3	16
5950	3	16
5951	3	16
5952	3	16
5953	3	16
5954	3	17
5955	3	17
5956	3	17
5957	3	17
5958	3	17
5959	3	17
5960	3	17
5961	3	17
5962	3	17
5963	3	17
5964	3	17
5965	3	17
5966	3	16
5967	3	17
5968	3	17
5969	3	17
5970	3	17
5971	3	17
5972	3	17
5973	3	16
5974	3	16
5975	3	17
5976	3	17
5977	3	17
5978	3	16
5979	3	16
5980	3	17
5981	3	17
5982	3	17
5983	3	17
5984	3	17
5985	3	17
5986	3	17
5987	3	17
5988	3	17
5989	3	17
5990	3	17
5991	3	17
5992	3	17
5993	3	17
5994	3	16
5995	3	17
5996	3	17
5997	3	17
5998	3	17
5999	3	17
6000	3	17
6001	3	17
6002	3	16
6003	3	17
6004	3	17
6005	3	17
6006	3	17
6007	3	17
6008	3	17
6009	3	17
6010	3	17
6011	3	17
6012	3	17
6013	3	17
6014	3	17
6015	3	17
6016	3	17
6017	3	17
6018	3	17
6019	3	17
6020	3	17
6021	3	17
6022	3	17
6023	3	16
6024	3	16
6025	3	17
6026	3	16
6027	3	17
6028	3	17
6029	3	17
6030	3	17
6031	3	17
6032	3	17
6033	3	17
6034	3	17
6035	3	17
6036	3	17
6037	3	17
6038	3	16
6039	3	16
6040	3	17
6041	3	17
6042	3	17
6043	3	17
6044	3	17
6045	3	17
6046	3	17
6047	3	17
6048	3	17
6049	3	17
6050	3	17
6051	3	17
6052	3	17
6053	3	17
6054	3	17
6055	3	17
6056	3	17
6057	3	17
6058	3	17
6059	3	17
6060	3	17
6061	3	17
6062	3	17
6063	3	17
6064	3	17
6065	3	17
6066	3	17
6067	3	17
6068	3	17
6069	3	17
6070	3	17
6071	3	17
6072	3	17
6073	3	17
6074	3	17
6075	3	17
6076	3	16
6077	3	16
6078	3	17
6079	3	17
6080	3	17
6081	3	16
6082	3	16
6083	3	16
6084	3	16
6085	3	17
6086	3	17
6087	3	16
6088	3	16
6089	3	17
6090	3	17
6091	3	17
6092	3	16
6093	3	16
6094	3	16
6095	3	16
6096	3	16
6097	3	16
6098	3	17
6099	3	17
6100	3	17
6101	3	17
6102	3	16
6103	3	16
6104	3	17
6105	3	17
6106	3	17
6107	3	17
6108	3	17
6109	3	17
6110	3	17
6111	3	17
6112	3	17
6113	3	17
6114	3	17
6115	3	17
6116	3	17
6117	3	17
6118	3	16
6119	3	16
6120	3	17
6121	3	17
6122	3	17
6123	3	17
6124	3	17
6125	3	17
6126	3	17
6127	3	16
6128	3	16
6129	3	16
6130	3	16
6131	3	16
6132	3	17
6133	3	16
6134	3	17
6135	3	17
6136	3	17
6137	3	17
6138	3	17
6139	3	17
6140	3	17
6141	3	17
6142	3	17
6143	3	16
6144	3	16
6145	3	16
6146	3	16
6147	3	16
6148	3	16
6149	3	16
6150	3	16
6151	3	16
6152	3	16
6153	3	17
6154	3	17
6155	3	16
6156	3	16
6157	3	16
6158	3	16
6159	3	17
6160	3	17
6161	3	17
6162	3	17
6163	3	17
6164	3	17
6165	3	16
6166	3	16
6167	3	16
6168	3	17
6169	3	17
6170	3	16
6171	3	16
6172	3	16
6173	3	17
6174	3	17
6175	3	17
6176	3	17
6177	3	17
6178	3	16
6179	3	17
6180	3	17
6181	3	17
6182	3	17
6183	3	17
6184	3	17
6185	3	17
6186	3	17
6187	3	17
6188	3	17
6189	3	17
6190	3	17
6191	3	17
6192	3	17
6193	3	17
6194	3	16
6195	3	16
6196	3	16
6197	3	16
6198	3	16
6199	3	16
6200	3	16
6201	3	16
6202	3	17
6203	3	17
6204	3	17
6205	3	17
6206	3	17
6207	3	16
6208	3	16
6209	3	16
6210	3	16
6211	3	16
6212	3	16
6213	3	17
6214	3	17
6215	3	17
6216	3	17
6217	3	17
6218	3	16
6219	3	16
6220	3	16
6221	3	16
6222	3	16
6223	3	16
6224	3	16
6225	3	16
6226	3	16
6227	3	17
6228	3	16
6229	3	16
6230	3	16
6231	3	16
6232	3	16
6233	3	16
6234	3	16
6235	3	16
6236	3	16
6237	3	16
6238	3	16
6239	3	16
6240	3	16
6241	3	16
6242	3	16
6243	3	16
6244	3	16
6245	3	17
6246	3	17
6247	3	17
6248	3	17
6249	3	17
6250	3	17
6251	3	16
6252	3	16
6253	3	16
6254	3	16
6255	3	16
6256	3	16
6257	3	16
6258	3	16
6259	3	17
6260	3	17
6261	3	17
6262	3	17
6263	3	17
6264	3	17
6265	3	17
6266	3	17
6267	3	17
6268	3	16
6269	3	16
6270	3	17
6271	3	17
6272	3	17
6273	3	17
6274	3	17
6275	3	17
6276	3	16
6277	3	16
6278	3	16
6279	3	16
6280	3	16
6281	3	16
6282	3	16
6283	3	16
6284	3	16
6285	3	16
6286	3	17
6287	3	17
6288	3	17
6289	3	17
6290	3	17
6291	3	17
6292	3	17
6293	3	17
6294	3	17
6295	3	17
6296	3	17
6297	3	16
6298	3	16
6299	3	16
6300	3	16
6301	3	16
6302	3	16
6303	3	17
6304	3	17
6305	3	16
6306	3	16
6307	3	16
6308	3	17
6309	3	17
6310	3	17
6311	3	17
6312	3	17
6313	3	17
6314	3	17
6315	3	17
6316	3	17
6317	3	17
6318	3	17
6319	3	17
6320	3	17
6321	3	17
6322	3	16
6323	3	16
6324	3	16
6325	3	16
6326	3	16
6327	3	16
6328	3	16
6329	3	17
6330	3	17
6331	3	17
6332	3	17
6333	3	17
6334	3	17
6335	3	16
6336	3	16
6337	3	16
6338	3	16
6339	3	17
6340	3	17
6341	3	17
6342	3	17
6343	3	16
6344	3	16
6345	3	16
6346	3	16
6347	3	17
6348	3	17
6349	3	17
6350	3	17
6351	3	17
6352	3	17
6353	3	17
6354	3	17
6355	3	17
6356	3	17
6357	3	17
6358	3	17
6359	3	17
6360	3	17
6361	3	16
6362	3	16
6363	3	16
6364	3	16
6365	3	16
6366	3	16
6367	3	16
6368	3	17
6369	3	17
6370	3	17
6371	3	16
6372	3	16
6373	3	16
6374	3	16
6375	3	17
6376	3	17
6377	3	16
6378	3	16
6379	3	16
6380	3	16
6381	3	16
6382	3	16
6383	3	16
6384	3	16
6385	3	16
6386	3	16
6387	3	16
6388	3	16
6389	3	17
6390	3	17
6391	3	16
6392	3	16
6393	3	17
6394	3	17
6395	3	17
6396	3	17
6397	3	17
6398	3	17
6399	3	17
6400	3	17
6401	3	3
6402	1	3
6403	1	3
6404	1	3
6405	1	4
6406	1	3
6407	1	3
6408	3	4
6409	2	4
6410	2	4
6411	1	4
6412	2	4
6413	2	4
6414	3	5
6415	1	5
6416	3	5
6417	3	4
6418	1	5
6419	1	5
6420	3	4
6421	3	5
6422	3	5
6423	1	5
6424	3	5
6425	3	4
6426	3	4
6427	3	4
6428	1	5
6429	1	5
6430	3	4
6431	1	5
6432	3	5
6433	3	5
6434	3	5
6435	3	5
6436	1	6
6437	1	8
6438	1	6
6439	3	6
6440	3	6
6441	1	6
6442	1	6
6443	3	6
6444	3	5
6445	3	6
6446	3	6
6447	3	6
6448	3	6
6449	1	7
6450	1	10
6451	1	9
6452	1	7
6453	1	9
6454	3	8
6455	3	7
6456	1	10
6457	3	7
6458	3	7
6459	3	7
6460	1	7
6461	1	11
6462	1	10
6463	3	8
6464	2	10
6465	1	11
6466	2	8
6467	3	11
6468	3	11
6469	3	12
6470	3	11
6471	3	12
6472	1	9
6473	3	10
